,RMSE,MSE,MaxE,MAE,R2,Modelo,MOD_FALH,Janela,AENV,Normalização,N_Parâmetros,Parâmetros
0,1.9045961256310486,3.6274864017688015,6.414803597354052,1.4405792357360006,0.8103110037459618,RNN,24,30,1011,"MM(-1,1)",2049,"{'Recurrent': 32, 'Dense': 0, 'Dropout': 0, 'L2': True}"
1,2.163400547349353,4.680301928271481,7.837152785252073,1.4834954562443419,0.7552570356964659,RNN,24,30,1011,"MM(-1,1)",2049,"{'Recurrent': 32, 'Dense': 0, 'Dropout': 0, 'L2': False}"
2,2.9626324772638646,8.777191195338624,9.322738411082597,2.1853415803202862,0.5410219630425837,RNN,24,30,1011,"MM(-1,1)",2049,"{'Recurrent': 32, 'Dense': 0, 'Dropout': 0.5, 'L2': True}"
3,2.5966007503637205,6.742335456789437,6.09044048829621,1.9812876028252664,0.6474289070848693,RNN,24,30,1011,"MM(-1,1)",2049,"{'Recurrent': 32, 'Dense': 0, 'Dropout': 0.5, 'L2': False}"
4,1.4103384992406347,1.9890546824403255,4.674833601902463,0.9732119547862169,0.8959880908106165,RNN,24,30,1011,"MM(-1,1)",3921,"{'Recurrent': 32, 'Dense': 56, 'Dropout': 0, 'L2': True}"
5,1.5791138584999649,2.493600578106647,4.035499867136309,1.1710407656018806,0.8696043104423781,RNN,24,30,1011,"MM(-1,1)",3921,"{'Recurrent': 32, 'Dense': 56, 'Dropout': 0, 'L2': False}"
6,2.1180565756017744,4.486163657449915,6.314295119236448,1.4919119760874011,0.7654089397004838,RNN,24,30,1011,"MM(-1,1)",3921,"{'Recurrent': 32, 'Dense': 56, 'Dropout': 0.5, 'L2': True}"
7,1.509141331444299,2.2775075582734714,5.288715126170487,1.0954736947905968,0.880904275070687,RNN,24,30,1011,"MM(-1,1)",3921,"{'Recurrent': 32, 'Dense': 56, 'Dropout': 0.5, 'L2': False}"
8,1.8685228328069268,3.491377576720822,5.349775752801541,1.3914890409601428,0.8174284243356236,RNN,24,30,1011,"MM(-1,1)",73729,"{'Recurrent': 256, 'Dense': 0, 'Dropout': 0, 'L2': True}"
9,3.425982003247663,11.73735268657687,9.946184462498167,2.8399997873504614,0.38622880882178723,RNN,24,30,1011,"MM(-1,1)",73729,"{'Recurrent': 256, 'Dense': 0, 'Dropout': 0, 'L2': False}"
10,3.1691959686498348,10.043803087706364,9.621473616550901,2.5678338006570542,0.47478812729629116,RNN,24,30,1011,"MM(-1,1)",73729,"{'Recurrent': 256, 'Dense': 0, 'Dropout': 0.5, 'L2': True}"
11,1.6562678375094113,2.7432231495681014,5.74845344443176,1.1063156568776045,0.8565510140882453,RNN,24,30,1011,"MM(-1,1)",73729,"{'Recurrent': 256, 'Dense': 0, 'Dropout': 0.5, 'L2': False}"
12,1.30763953740827,1.7099211597933144,4.636912981954666,0.8966587168300184,0.9105845777074238,RNN,24,30,1011,"MM(-1,1)",87921,"{'Recurrent': 256, 'Dense': 56, 'Dropout': 0, 'L2': True}"
13,1.4218602483274132,2.021686565773693,4.549098650899978,1.0225608107923525,0.8942817000733921,RNN,24,30,1011,"MM(-1,1)",87921,"{'Recurrent': 256, 'Dense': 56, 'Dropout': 0, 'L2': False}"
14,1.3046226028273151,1.7020401358079185,4.442645709005447,0.917205148100724,0.9109966932507143,RNN,24,30,1011,"MM(-1,1)",87921,"{'Recurrent': 256, 'Dense': 56, 'Dropout': 0.5, 'L2': True}"
15,1.498500496969819,2.245503739418795,5.354171435323806,1.0125267243813032,0.8825778229775461,RNN,24,30,1011,"MM(-1,1)",87921,"{'Recurrent': 256, 'Dense': 56, 'Dropout': 0.5, 'L2': False}"
16,2.189493219250487,4.7938805571438605,6.893877333591917,1.497134359056007,0.749317767089916,GRU,24,30,1011,"MM(-1,1)",6177,"{'Recurrent': 32, 'Dense': 0, 'Dropout': 0, 'L2': True}"
17,1.990822873971413,3.9633757155277967,6.835218733738401,1.3281895492743818,0.79274663555196,GRU,24,30,1011,"MM(-1,1)",6177,"{'Recurrent': 32, 'Dense': 0, 'Dropout': 0, 'L2': False}"
18,2.160389366425311,4.6672822145635555,7.129724806736448,1.4839206230997721,0.7559378642789154,GRU,24,30,1011,"MM(-1,1)",6177,"{'Recurrent': 32, 'Dense': 0, 'Dropout': 0.5, 'L2': True}"
19,1.847210764893465,3.4121876099383,6.365660017918088,1.3642017045325707,0.8215694364990441,GRU,24,30,1011,"MM(-1,1)",6177,"{'Recurrent': 32, 'Dense': 0, 'Dropout': 0.5, 'L2': False}"
20,1.7111114098501112,2.9279022569192357,5.08051139731262,1.2121290397377544,0.846893749905133,GRU,24,30,1011,"MM(-1,1)",8049,"{'Recurrent': 32, 'Dense': 56, 'Dropout': 0, 'L2': True}"
21,1.766918190443377,3.121999891719698,5.103864973972776,1.3935016670801144,0.8367439708452779,GRU,24,30,1011,"MM(-1,1)",8049,"{'Recurrent': 32, 'Dense': 56, 'Dropout': 0, 'L2': False}"
22,1.8671867709331034,3.4863864375475897,5.420988387058713,1.3346720911111372,0.817689421642043,GRU,24,30,1011,"MM(-1,1)",8049,"{'Recurrent': 32, 'Dense': 56, 'Dropout': 0.5, 'L2': True}"
23,2.0565164284834174,4.229259820622191,6.844286269138792,1.3368382261316487,0.7788429889412749,GRU,24,30,1011,"MM(-1,1)",8049,"{'Recurrent': 32, 'Dense': 56, 'Dropout': 0.5, 'L2': False}"
24,1.8277856371781884,3.340800335474876,6.104513472507932,1.2282773319202425,0.8253024292489757,GRU,24,30,1011,"MM(-1,1)",221441,"{'Recurrent': 256, 'Dense': 0, 'Dropout': 0, 'L2': True}"
25,1.9902661975791467,3.9611595372261545,5.544615096043088,1.4774371445501209,0.7928625242393315,GRU,24,30,1011,"MM(-1,1)",221441,"{'Recurrent': 256, 'Dense': 0, 'Dropout': 0, 'L2': False}"
26,1.9614774939216562,3.847393959161181,5.345026320408323,1.5020336826489085,0.7988115688176605,GRU,24,30,1011,"MM(-1,1)",221441,"{'Recurrent': 256, 'Dense': 0, 'Dropout': 0.5, 'L2': True}"
27,2.11893722678764,4.489894971066494,5.422936125746972,1.6505804492982645,0.7652138213578505,GRU,24,30,1011,"MM(-1,1)",221441,"{'Recurrent': 256, 'Dense': 0, 'Dropout': 0.5, 'L2': False}"
28,1.5867197817178333,2.5176796656946885,4.896498030613401,1.132318997941718,0.8683451636257115,GRU,24,30,1011,"MM(-1,1)",235633,"{'Recurrent': 256, 'Dense': 56, 'Dropout': 0, 'L2': True}"
29,2.3607573020376456,5.573175039124063,7.435783149852128,1.7680347338914326,0.7085667974926062,GRU,24,30,1011,"MM(-1,1)",235633,"{'Recurrent': 256, 'Dense': 56, 'Dropout': 0, 'L2': False}"
30,1.6862778122155744,2.843532859970544,4.852331465671995,1.207632468290342,0.8513056055123525,GRU,24,30,1011,"MM(-1,1)",235633,"{'Recurrent': 256, 'Dense': 56, 'Dropout': 0.5, 'L2': True}"
31,1.7239759316535839,2.9720930129208423,6.243669814060667,1.0703699171354,0.8445829210773352,GRU,24,30,1011,"MM(-1,1)",235633,"{'Recurrent': 256, 'Dense': 56, 'Dropout': 0.5, 'L2': False}"
32,1.632994401060633,2.6666707138953756,5.122106856296995,1.1495046922280565,0.8605541041278055,LSTM,24,30,1011,"MM(-1,1)",8097,"{'Recurrent': 32, 'Dense': 0, 'Dropout': 0, 'L2': True}"
33,1.944299002774123,3.7802986121884485,6.443273848484495,1.3750429785042038,0.8023201275304839,LSTM,24,30,1011,"MM(-1,1)",8097,"{'Recurrent': 32, 'Dense': 0, 'Dropout': 0, 'L2': False}"
34,2.0340400553697244,4.137318946848471,5.87113410849426,1.459468034143901,0.7836507732109423,LSTM,24,30,1011,"MM(-1,1)",8097,"{'Recurrent': 32, 'Dense': 0, 'Dropout': 0.5, 'L2': True}"
35,1.963422342315861,3.855027294305102,6.083265608738401,1.3939221852242103,0.7984124054518613,LSTM,24,30,1011,"MM(-1,1)",8097,"{'Recurrent': 32, 'Dense': 0, 'Dropout': 0.5, 'L2': False}"
36,1.8077237958962753,3.2678653222496385,5.840929335545042,1.2713621306971339,0.8291163565579035,LSTM,24,30,1011,"MM(-1,1)",9969,"{'Recurrent': 32, 'Dense': 56, 'Dropout': 0, 'L2': True}"
37,2.2456432209276302,5.042913475698221,6.437856978367307,1.5861716524306984,0.7362953049431921,LSTM,24,30,1011,"MM(-1,1)",9969,"{'Recurrent': 32, 'Dense': 56, 'Dropout': 0, 'L2': False}"
38,2.024935139385055,4.100362318716373,6.113924330662229,1.4174232293177467,0.7855833140722652,LSTM,24,30,1011,"MM(-1,1)",9969,"{'Recurrent': 32, 'Dense': 56, 'Dropout': 0.5, 'L2': True}"
39,1.9446861404120475,3.7818041847107056,5.738249129246213,1.3878752181199556,0.802241397934035,LSTM,24,30,1011,"MM(-1,1)",9969,"{'Recurrent': 32, 'Dense': 56, 'Dropout': 0.5, 'L2': False}"
40,1.8951311318096795,3.5915220067542366,5.51218635458801,1.5697313759204823,0.8121916586225368,LSTM,24,30,1011,"MM(-1,1)",294145,"{'Recurrent': 256, 'Dense': 0, 'Dropout': 0, 'L2': True}"
41,1.8231651982530068,3.3239313401209256,5.683061903904417,1.4308842765769136,0.8261845449737775,LSTM,24,30,1011,"MM(-1,1)",294145,"{'Recurrent': 256, 'Dense': 0, 'Dropout': 0, 'L2': False}"
42,1.9211653519529788,3.690876309544613,5.510813063572385,1.5811178117825304,0.8069962103472141,LSTM,24,30,1011,"MM(-1,1)",294145,"{'Recurrent': 256, 'Dense': 0, 'Dropout': 0.5, 'L2': True}"
43,1.925511804623303,3.707595709743689,5.631849593113401,1.5842667742875982,0.8061219172719359,LSTM,24,30,1011,"MM(-1,1)",294145,"{'Recurrent': 256, 'Dense': 0, 'Dropout': 0.5, 'L2': False}"
44,1.6826821394812241,2.83141918252911,5.435297316502073,1.183094252139651,0.8519390555271313,LSTM,24,30,1011,"MM(-1,1)",308337,"{'Recurrent': 256, 'Dense': 56, 'Dropout': 0, 'L2': True}"
45,1.7804708005293854,3.1700762715377504,5.995970076511838,1.1713298025019032,0.8342299544655699,LSTM,24,30,1011,"MM(-1,1)",308337,"{'Recurrent': 256, 'Dense': 56, 'Dropout': 0, 'L2': False}"
46,1.8008642699990505,3.2431121189592127,5.513643568943479,1.2896778132241258,0.8304107543215846,LSTM,24,30,1011,"MM(-1,1)",308337,"{'Recurrent': 256, 'Dense': 56, 'Dropout': 0.5, 'L2': True}"
47,1.828990179383233,3.3452050762803114,6.170004195164182,1.226527569187047,0.825072095963168,LSTM,24,30,1011,"MM(-1,1)",308337,"{'Recurrent': 256, 'Dense': 56, 'Dropout': 0.5, 'L2': False}"
48,1.0378947247531518,1.0772254596704207,3.2826277915072666,0.7173062740907598,0.7231778072060839,RNN,24,30,9486,"MM(-1,1)",2049,"{'Recurrent': 32, 'Dense': 0, 'Dropout': 0, 'L2': True}"
49,1.1245434601600293,1.264597993788691,2.7741092844013906,0.8527352981677665,0.6750273710106363,RNN,24,30,9486,"MM(-1,1)",2049,"{'Recurrent': 32, 'Dense': 0, 'Dropout': 0, 'L2': False}"
50,1.4270678140552135,2.0365225459123257,3.2724959555697666,1.17472576161644,0.476660496859979,RNN,24,30,9486,"MM(-1,1)",2049,"{'Recurrent': 32, 'Dense': 0, 'Dropout': 0.5, 'L2': True}"
51,2.1242620366555327,4.512489200375911,5.595791548831485,1.5091905967890173,-0.1596060455061159,RNN,24,30,9486,"MM(-1,1)",2049,"{'Recurrent': 32, 'Dense': 0, 'Dropout': 0.5, 'L2': False}"
52,0.7215074811156841,0.5205730453058992,2.265834233030219,0.49204054538702346,0.8662246880471287,RNN,24,30,9486,"MM(-1,1)",3921,"{'Recurrent': 32, 'Dense': 56, 'Dropout': 0, 'L2': True}"
53,0.8429214866828263,0.7105166327115862,2.488917729123969,0.5905925322763355,0.8174135502293574,RNN,24,30,9486,"MM(-1,1)",3921,"{'Recurrent': 32, 'Dense': 56, 'Dropout': 0, 'L2': False}"
54,0.8244732011032968,0.6797560593375173,2.3376192061747503,0.5828101784948622,0.8253183108312959,RNN,24,30,9486,"MM(-1,1)",3921,"{'Recurrent': 32, 'Dense': 56, 'Dropout': 0.5, 'L2': True}"
55,0.9332524357395415,0.8709601088137872,2.261559876930434,0.7127195504203077,0.7761832632217719,RNN,24,30,9486,"MM(-1,1)",3921,"{'Recurrent': 32, 'Dense': 56, 'Dropout': 0.5, 'L2': False}"
56,0.7573091675151067,0.573517175202424,2.2511124256711526,0.5260466941869749,0.8526192631085037,RNN,24,30,9486,"MM(-1,1)",73729,"{'Recurrent': 256, 'Dense': 0, 'Dropout': 0, 'L2': True}"
57,1.3435972558526739,1.8052535859348355,4.128944794655297,0.8974194830555258,0.53609130593659,RNN,24,30,9486,"MM(-1,1)",73729,"{'Recurrent': 256, 'Dense': 0, 'Dropout': 0, 'L2': False}"
58,1.4513041726342992,2.106283801505728,4.400795320652463,0.9728204668184055,0.4587334570076804,RNN,24,30,9486,"MM(-1,1)",73729,"{'Recurrent': 256, 'Dense': 0, 'Dropout': 0.5, 'L2': True}"
59,0.885823608540597,0.7846834654478849,2.3307908980692815,0.616888972429855,0.7983543782739123,RNN,24,30,9486,"MM(-1,1)",73729,"{'Recurrent': 256, 'Dense': 0, 'Dropout': 0.5, 'L2': False}"
60,0.7915799212590017,0.6265987717404072,2.268209898815684,0.5719383502169549,0.8389785124014584,RNN,24,30,9486,"MM(-1,1)",87921,"{'Recurrent': 256, 'Dense': 56, 'Dropout': 0, 'L2': True}"
61,0.8102359356425823,0.6564822714066108,2.1633333175028753,0.6072784075704545,0.8312991395907882,RNN,24,30,9486,"MM(-1,1)",87921,"{'Recurrent': 256, 'Dense': 56, 'Dropout': 0, 'L2': False}"
62,0.7999418677105004,0.6399069917161637,2.3339570967997503,0.5601350714324687,0.835558605637465,RNN,24,30,9486,"MM(-1,1)",87921,"{'Recurrent': 256, 'Dense': 56, 'Dropout': 0.5, 'L2': True}"
63,0.9470223910557214,0.8968514091608958,2.4394716231669378,0.7164237233413184,0.7695297939113034,RNN,24,30,9486,"MM(-1,1)",87921,"{'Recurrent': 256, 'Dense': 56, 'Dropout': 0.5, 'L2': False}"
64,1.8666541516298294,3.484397721796878,5.364799897194359,1.3421677523420723,0.10458984305008379,GRU,24,30,9486,"MM(-1,1)",6177,"{'Recurrent': 32, 'Dense': 0, 'Dropout': 0, 'L2': True}"
65,1.812009401404981,3.2833780707800373,3.5604127852763128,1.4409976393639492,0.15624727473218925,GRU,24,30,9486,"MM(-1,1)",6177,"{'Recurrent': 32, 'Dense': 0, 'Dropout': 0, 'L2': False}"
66,1.7828427547713972,3.178528288240864,3.4054597823466253,1.536803658265036,0.18319125981525575,GRU,24,30,9486,"MM(-1,1)",6177,"{'Recurrent': 32, 'Dense': 0, 'Dropout': 0.5, 'L2': True}"
67,1.4568934376962337,2.1225384888023493,3.025785887585215,1.3031861275862329,0.4545563758402832,GRU,24,30,9486,"MM(-1,1)",6177,"{'Recurrent': 32, 'Dense': 0, 'Dropout': 0.5, 'L2': False}"
68,0.6507821868476619,0.4235174547182251,2.026823485241465,0.4236339083212991,0.891165744878081,GRU,24,30,9486,"MM(-1,1)",8049,"{'Recurrent': 32, 'Dense': 56, 'Dropout': 0, 'L2': True}"
69,1.0813074008910943,1.169225695221854,3.3536227742657445,0.72359960932547,0.6995358604675651,GRU,24,30,9486,"MM(-1,1)",8049,"{'Recurrent': 32, 'Dense': 56, 'Dropout': 0, 'L2': False}"
70,0.8450449278387074,0.7141009300659262,2.3249620406474065,0.5979917472621411,0.8164924681621386,GRU,24,30,9486,"MM(-1,1)",8049,"{'Recurrent': 32, 'Dense': 56, 'Dropout': 0.5, 'L2': True}"
71,0.982305211848612,0.9649235292249464,2.7308887643818593,0.6512956303133066,0.7520368230804557,GRU,24,30,9486,"MM(-1,1)",8049,"{'Recurrent': 32, 'Dense': 56, 'Dropout': 0.5, 'L2': False}"
72,0.655114561545253,0.42917508874862914,2.130641361936469,0.426323096595593,0.889711862922115,GRU,24,30,9486,"MM(-1,1)",221441,"{'Recurrent': 256, 'Dense': 0, 'Dropout': 0, 'L2': True}"
73,1.1525519467188396,1.3283759898853869,3.7300037546162343,0.7557600190115126,0.6586378913775697,GRU,24,30,9486,"MM(-1,1)",221441,"{'Recurrent': 256, 'Dense': 0, 'Dropout': 0, 'L2': False}"
74,0.7428429639964498,0.5518156691590308,2.2038301436747503,0.4965467166835574,0.858196051547667,GRU,24,30,9486,"MM(-1,1)",221441,"{'Recurrent': 256, 'Dense': 0, 'Dropout': 0.5, 'L2': True}"
75,0.9737793766494153,0.9482462743877238,3.2241748971943593,0.6167278060954556,0.756322494396872,GRU,24,30,9486,"MM(-1,1)",221441,"{'Recurrent': 256, 'Dense': 0, 'Dropout': 0.5, 'L2': False}"
76,0.711533042638969,0.5062792707670688,2.1941255538310003,0.47941968998538576,0.869897859689722,GRU,24,30,9486,"MM(-1,1)",235633,"{'Recurrent': 256, 'Dense': 56, 'Dropout': 0, 'L2': True}"
77,0.8802099513496542,0.7747695584549605,2.4201463668192815,0.6255820069524133,0.800902024589082,GRU,24,30,9486,"MM(-1,1)",235633,"{'Recurrent': 256, 'Dense': 56, 'Dropout': 0, 'L2': False}"
78,0.8223602104736251,0.676276315770225,2.2702363936747503,0.5668649171632322,0.826212524977472,GRU,24,30,9486,"MM(-1,1)",235633,"{'Recurrent': 256, 'Dense': 56, 'Dropout': 0.5, 'L2': True}"
79,0.806055450856036,0.6497253898547275,2.350489994748969,0.5729863689676262,0.8330355029034537,GRU,24,30,9486,"MM(-1,1)",235633,"{'Recurrent': 256, 'Dense': 56, 'Dropout': 0.5, 'L2': False}"
80,0.8789869617282448,0.7726180788882508,3.0012745065693593,0.560431166180945,0.8014549054053134,LSTM,24,30,9486,"MM(-1,1)",8097,"{'Recurrent': 32, 'Dense': 0, 'Dropout': 0, 'L2': True}"
81,0.9737975934520635,0.9482817530130304,3.4245609445576406,0.6111079498603494,0.7563133772053254,LSTM,24,30,9486,"MM(-1,1)",8097,"{'Recurrent': 32, 'Dense': 0, 'Dropout': 0, 'L2': False}"
82,1.0949680635245906,1.198955060138792,2.9488147897724843,0.7417777375704823,0.6918960967460549,LSTM,24,30,9486,"MM(-1,1)",8097,"{'Recurrent': 32, 'Dense': 0, 'Dropout': 0.5, 'L2': True}"
83,1.3481646982981659,1.8175480537373845,3.327087740086057,0.982020015983182,0.5329319101891324,LSTM,24,30,9486,"MM(-1,1)",8097,"{'Recurrent': 32, 'Dense': 0, 'Dropout': 0.5, 'L2': False}"
84,0.9559787251935885,0.9138953230227586,3.067825715065453,0.6089474815901176,0.7651498996499154,LSTM,24,30,9486,"MM(-1,1)",9969,"{'Recurrent': 32, 'Dense': 56, 'Dropout': 0, 'L2': True}"
85,1.2159317268375913,1.4784899643302467,4.234337250709984,0.7774103934961801,0.6200620489652025,LSTM,24,30,9486,"MM(-1,1)",9969,"{'Recurrent': 32, 'Dense': 56, 'Dropout': 0, 'L2': False}"
86,0.959250189759687,0.9201609265539956,3.1030277414326406,0.6239550715804464,0.7635397835009479,LSTM,24,30,9486,"MM(-1,1)",9969,"{'Recurrent': 32, 'Dense': 56, 'Dropout': 0.5, 'L2': True}"
87,0.9763109351002781,0.9531830419963794,3.4172062082295156,0.6004634440362883,0.7550538585486624,LSTM,24,30,9486,"MM(-1,1)",9969,"{'Recurrent': 32, 'Dense': 56, 'Dropout': 0.5, 'L2': False}"
88,0.7184235153652064,0.516132347429701,1.973384281858344,0.47635522786262924,0.8673658453717993,LSTM,24,30,9486,"MM(-1,1)",294145,"{'Recurrent': 256, 'Dense': 0, 'Dropout': 0, 'L2': True}"
89,1.024126868839025,1.0488358434780254,3.4032520456318593,0.6516952859541778,0.730473286287465,LSTM,24,30,9486,"MM(-1,1)",294145,"{'Recurrent': 256, 'Dense': 0, 'Dropout': 0, 'L2': False}"
90,0.8739307232292682,0.7637549090040318,2.5065311594013906,0.5691729602376507,0.8037325364252906,LSTM,24,30,9486,"MM(-1,1)",294145,"{'Recurrent': 256, 'Dense': 0, 'Dropout': 0.5, 'L2': True}"
91,1.5628560224914223,2.442518947037709,3.2756227462138128,1.305699509256339,0.37232874994754317,LSTM,24,30,9486,"MM(-1,1)",294145,"{'Recurrent': 256, 'Dense': 0, 'Dropout': 0.5, 'L2': False}"
92,0.8435249554822482,0.7115343505213287,2.534675995827172,0.5416868647322592,0.8171520201353466,LSTM,24,30,9486,"MM(-1,1)",308337,"{'Recurrent': 256, 'Dense': 56, 'Dropout': 0, 'L2': True}"
93,0.8291493557968173,0.6874886542182771,2.354591767311547,0.5346019247765642,0.8233312116111068,LSTM,24,30,9486,"MM(-1,1)",308337,"{'Recurrent': 256, 'Dense': 56, 'Dropout': 0, 'L2': False}"
94,1.0274167500868527,1.0555851783590304,2.7659610910420156,0.7068246617117306,0.7287388622958226,LSTM,24,30,9486,"MM(-1,1)",308337,"{'Recurrent': 256, 'Dense': 56, 'Dropout': 0.5, 'L2': True}"
95,0.8393609265806999,0.7045267650704112,2.5567859811787343,0.5338898464596838,0.8189528085898891,LSTM,24,30,9486,"MM(-1,1)",308337,"{'Recurrent': 256, 'Dense': 56, 'Dropout': 0.5, 'L2': False}"
96,1.0180393988681453,1.0364042176478148,2.476324853317138,0.8149154397133038,0.30832787573327536,RNN,24,30,9526,"MM(-1,1)",2049,"{'Recurrent': 32, 'Dense': 0, 'Dropout': 0, 'L2': True}"
97,1.3555962145998843,1.8376410970375356,3.262732324020263,1.0867426022900268,-0.22639902422676772,RNN,24,30,9526,"MM(-1,1)",2049,"{'Recurrent': 32, 'Dense': 0, 'Dropout': 0, 'L2': False}"
98,1.6214616356651466,2.629137835933893,4.339934167281982,1.2484760537659618,-0.7546255804493149,RNN,24,30,9526,"MM(-1,1)",2049,"{'Recurrent': 32, 'Dense': 0, 'Dropout': 0.5, 'L2': True}"
99,1.1123555204408155,1.2373348038551577,2.537632422045334,0.88325206850175,0.1742314652539637,RNN,24,30,9526,"MM(-1,1)",2049,"{'Recurrent': 32, 'Dense': 0, 'Dropout': 0.5, 'L2': False}"
100,0.9885601892194311,0.9772512477095574,2.3256263103743606,0.7833258147857783,0.3478051951779396,RNN,24,30,9526,"MM(-1,1)",3921,"{'Recurrent': 32, 'Dense': 56, 'Dropout': 0, 'L2': True}"
101,1.3538865810477623,1.8330088743411992,3.200789269821044,1.0753607037044055,-0.22330758629367709,RNN,24,30,9526,"MM(-1,1)",3921,"{'Recurrent': 32, 'Dense': 56, 'Dropout': 0, 'L2': False}"
102,0.9786785305603224,0.9578116661797118,2.380939420725923,0.7774087365853667,0.36077872077987194,RNN,24,30,9526,"MM(-1,1)",3921,"{'Recurrent': 32, 'Dense': 56, 'Dropout': 0.5, 'L2': True}"
103,0.8837423710390532,0.7810005783697276,2.1543898156734542,0.675190613403835,0.4787783377410988,RNN,24,30,9526,"MM(-1,1)",3921,"{'Recurrent': 32, 'Dense': 56, 'Dropout': 0.5, 'L2': False}"
104,1.0482315786848324,1.0987894425520959,2.481372770335298,0.8575545933021089,0.2666934243313567,RNN,24,30,9526,"MM(-1,1)",73729,"{'Recurrent': 256, 'Dense': 0, 'Dropout': 0, 'L2': True}"
105,1.0149299837889432,1.0300828719938244,2.1821102662836154,0.8406028201398186,0.3125465951308506,RNN,24,30,9526,"MM(-1,1)",73729,"{'Recurrent': 256, 'Dense': 0, 'Dropout': 0, 'L2': False}"
106,0.9677693280801176,0.9365774723726424,2.061547713622673,0.8067292646546079,0.3749499289702055,RNN,24,30,9526,"MM(-1,1)",73729,"{'Recurrent': 256, 'Dense': 0, 'Dropout': 0.5, 'L2': True}"
107,0.9646104024937473,0.9304732285991492,1.9676556154047091,0.7973452080605383,0.3790237596107604,RNN,24,30,9526,"MM(-1,1)",73729,"{'Recurrent': 256, 'Dense': 0, 'Dropout': 0.5, 'L2': False}"
108,0.9818797643805729,0.9640878717000494,2.3329200115462356,0.7908453229481609,0.3565901268599835,RNN,24,30,9526,"MM(-1,1)",87921,"{'Recurrent': 256, 'Dense': 56, 'Dropout': 0, 'L2': True}"
109,1.0552987302262873,1.1136554100172145,2.053272184397798,0.8780221618006621,0.2567722226218392,RNN,24,30,9526,"MM(-1,1)",87921,"{'Recurrent': 256, 'Dense': 56, 'Dropout': 0, 'L2': False}"
110,1.065888055624054,1.1361173471220265,2.323284086253267,0.8552048564803499,0.24178164704536043,RNN,24,30,9526,"MM(-1,1)",87921,"{'Recurrent': 256, 'Dense': 56, 'Dropout': 0.5, 'L2': True}"
111,1.0582565486093471,1.1199069226745675,2.456584867503267,0.8695350325488406,0.252600108145689,RNN,24,30,9526,"MM(-1,1)",87921,"{'Recurrent': 256, 'Dense': 56, 'Dropout': 0.5, 'L2': False}"
112,1.6889100935594592,2.852417304127021,3.260799841478928,1.4435852408924,-0.9036371161422014,GRU,24,30,9526,"MM(-1,1)",6177,"{'Recurrent': 32, 'Dense': 0, 'Dropout': 0, 'L2': True}"
113,1.0011881730234242,1.0023777578019821,2.151195463206392,0.7694894808038562,0.33103634542308225,GRU,24,30,9526,"MM(-1,1)",6177,"{'Recurrent': 32, 'Dense': 0, 'Dropout': 0, 'L2': False}"
114,0.9937013702322209,0.9874424132013934,2.3337492517086105,0.7261052375658451,0.3410038478228604,GRU,24,30,9526,"MM(-1,1)",6177,"{'Recurrent': 32, 'Dense': 0, 'Dropout': 0.5, 'L2': True}"
115,1.9485305599973721,3.7967713432436723,4.027581649169548,1.7243448615589039,-1.5338770873554766,GRU,24,30,9526,"MM(-1,1)",6177,"{'Recurrent': 32, 'Dense': 0, 'Dropout': 0.5, 'L2': False}"
116,1.0477916390772424,1.0978673189201742,2.351215299632173,0.8249933016971838,0.2673088282446824,GRU,24,30,9526,"MM(-1,1)",8049,"{'Recurrent': 32, 'Dense': 56, 'Dropout': 0, 'L2': True}"
117,1.9738521055106948,3.896092134429003,3.278375106200798,1.8490135551013842,-1.6001614785739169,GRU,24,30,9526,"MM(-1,1)",8049,"{'Recurrent': 32, 'Dense': 56, 'Dropout': 0, 'L2': False}"
118,1.0055885129596156,1.0112082573963308,2.3232283166500167,0.7301481298281992,0.32514307491264216,GRU,24,30,9526,"MM(-1,1)",8049,"{'Recurrent': 32, 'Dense': 56, 'Dropout': 0.5, 'L2': True}"
119,1.041174770488551,1.084044902701887,2.6160978845211105,0.8112040072907434,0.2765335880685086,GRU,24,30,9526,"MM(-1,1)",8049,"{'Recurrent': 32, 'Dense': 56, 'Dropout': 0.5, 'L2': False}"
120,1.0328085908220113,1.0666935852757486,2.440807279612642,0.8099910031297973,0.28811345466747074,GRU,24,30,9526,"MM(-1,1)",221441,"{'Recurrent': 256, 'Dense': 0, 'Dropout': 0, 'L2': True}"
121,0.9671025160246712,0.9352872765012495,2.403497176513298,0.7234220683769343,0.37581097575474276,GRU,24,30,9526,"MM(-1,1)",221441,"{'Recurrent': 256, 'Dense': 0, 'Dropout': 0, 'L2': False}"
122,0.9794379024970811,0.9592986048478818,2.303569730784517,0.7229868437001443,0.3597863724183401,GRU,24,30,9526,"MM(-1,1)",221441,"{'Recurrent': 256, 'Dense': 0, 'Dropout': 0.5, 'L2': True}"
123,0.998615840875922,0.9972335976483248,2.4439405969234542,0.7370450190086573,0.33446943853526945,GRU,24,30,9526,"MM(-1,1)",221441,"{'Recurrent': 256, 'Dense': 0, 'Dropout': 0.5, 'L2': False}"
124,1.0146788272453122,1.0295731224599223,2.406116422679048,0.7651221225478736,0.31288679014063003,GRU,24,30,9526,"MM(-1,1)",235633,"{'Recurrent': 256, 'Dense': 56, 'Dropout': 0, 'L2': True}"
125,0.9820961434264553,0.9645128349331167,2.463769393310173,0.7220809785900038,0.3563065162598471,GRU,24,30,9526,"MM(-1,1)",235633,"{'Recurrent': 256, 'Dense': 56, 'Dropout': 0, 'L2': False}"
126,1.0019672558450567,1.0039383817856735,2.4234938195797042,0.7330275436934202,0.32999482119189827,GRU,24,30,9526,"MM(-1,1)",235633,"{'Recurrent': 256, 'Dense': 56, 'Dropout': 0.5, 'L2': True}"
127,0.9801538360416316,0.9607015423071257,2.4572233728023605,0.7329500279703793,0.3588500845143301,GRU,24,30,9526,"MM(-1,1)",235633,"{'Recurrent': 256, 'Dense': 56, 'Dropout': 0.5, 'L2': False}"
128,1.1950205753643608,1.428074175544168,2.5623182824703292,0.9430000325080797,0.04693643484887766,LSTM,24,30,9526,"MM(-1,1)",8097,"{'Recurrent': 32, 'Dense': 0, 'Dropout': 0, 'L2': True}"
129,0.9670928563353338,0.9352685927748347,2.4447645715328292,0.7181686812884778,0.37582344484018115,LSTM,24,30,9526,"MM(-1,1)",8097,"{'Recurrent': 32, 'Dense': 0, 'Dropout': 0, 'L2': False}"
130,1.08571606336261,1.1787793702436027,2.6839460900875167,0.7519682647060584,0.21331000282049684,LSTM,24,30,9526,"MM(-1,1)",8097,"{'Recurrent': 32, 'Dense': 0, 'Dropout': 0.5, 'L2': True}"
131,1.0818723903094618,1.1704478689139086,2.6882032922359542,0.8167818365100651,0.21887025346876154,LSTM,24,30,9526,"MM(-1,1)",8097,"{'Recurrent': 32, 'Dense': 0, 'Dropout': 0.5, 'L2': False}"
132,1.116683613110424,1.2469822917893514,2.5539564660640792,0.8471075641125146,0.16779295568438113,LSTM,24,30,9526,"MM(-1,1)",9969,"{'Recurrent': 32, 'Dense': 56, 'Dropout': 0, 'L2': True}"
133,1.0254743222654883,1.0515975856258626,2.0953077844234542,0.8238267922150492,0.2981881745190206,LSTM,24,30,9526,"MM(-1,1)",9969,"{'Recurrent': 32, 'Dense': 56, 'Dropout': 0, 'L2': False}"
134,1.0894946565482762,1.1869986066472462,2.511865096435173,0.7998340655585323,0.20782467517868064,LSTM,24,30,9526,"MM(-1,1)",9969,"{'Recurrent': 32, 'Dense': 56, 'Dropout': 0.5, 'L2': True}"
135,1.0913076732270468,1.1909524376442306,2.4778456262203292,0.8521149161937871,0.20518598012311384,LSTM,24,30,9526,"MM(-1,1)",9969,"{'Recurrent': 32, 'Dense': 56, 'Dropout': 0.5, 'L2': False}"
136,1.1245154942728568,1.2645350968597273,2.5577964153548294,0.8438157325697162,0.15607862090733737,LSTM,24,30,9526,"MM(-1,1)",294145,"{'Recurrent': 256, 'Dense': 0, 'Dropout': 0, 'L2': True}"
137,1.596501972783372,2.548818549101199,3.1885695031734542,1.3572853446521655,-0.70102235229067,LSTM,24,30,9526,"MM(-1,1)",294145,"{'Recurrent': 256, 'Dense': 0, 'Dropout': 0, 'L2': False}"
138,0.994066803651342,0.9881688101215959,2.4047026208492355,0.7235005054544459,0.34051906737494064,LSTM,24,30,9526,"MM(-1,1)",294145,"{'Recurrent': 256, 'Dense': 0, 'Dropout': 0.5, 'L2': True}"
139,1.180940721330241,1.39462098729599,2.7508253625484542,0.8561194542031771,0.06926231637763713,LSTM,24,30,9526,"MM(-1,1)",294145,"{'Recurrent': 256, 'Dense': 0, 'Dropout': 0.5, 'L2': False}"
140,1.1003200162732152,1.2107041382114885,2.5960173181148605,0.8204483260218574,0.19200415351858535,LSTM,24,30,9526,"MM(-1,1)",308337,"{'Recurrent': 256, 'Dense': 56, 'Dropout': 0, 'L2': True}"
141,0.9400249525487094,0.8836469114142034,2.2828459313961105,0.6965984193859022,0.41027455705773197,LSTM,24,30,9526,"MM(-1,1)",308337,"{'Recurrent': 256, 'Dense': 56, 'Dropout': 0, 'L2': False}"
142,1.0887392010370938,1.185353047874889,2.637353377685173,0.773773653176059,0.20892288291684014,LSTM,24,30,9526,"MM(-1,1)",308337,"{'Recurrent': 256, 'Dense': 56, 'Dropout': 0.5, 'L2': True}"
143,0.9051126932568349,0.8192289874946411,2.2883390954586105,0.6631672639853854,0.4532655846120377,LSTM,24,30,9526,"MM(-1,1)",308337,"{'Recurrent': 256, 'Dense': 56, 'Dropout': 0.5, 'L2': False}"
144,1.0060569495596556,1.0121505857572797,2.72018581643151,0.7844641902164672,0.7606829652066247,RNN,24,30,9636,"MM(-1,1)",2049,"{'Recurrent': 32, 'Dense': 0, 'Dropout': 0, 'L2': True}"
145,1.226537075190832,1.504393196817681,4.7348648492585,0.9338502836762833,0.6442951038195903,RNN,24,30,9636,"MM(-1,1)",2049,"{'Recurrent': 32, 'Dense': 0, 'Dropout': 0, 'L2': False}"
146,1.1257431750525886,1.2672976961774833,5.314645427871781,0.7729570122486181,0.7003549361948391,RNN,24,30,9636,"MM(-1,1)",2049,"{'Recurrent': 32, 'Dense': 0, 'Dropout': 0.5, 'L2': True}"
147,1.2136682452216958,1.4729906094595104,2.903151642884339,0.9677376427862884,0.6517200603400419,RNN,24,30,9636,"MM(-1,1)",2049,"{'Recurrent': 32, 'Dense': 0, 'Dropout': 0.5, 'L2': False}"
148,0.7601938821781592,0.577894738501101,2.5054488779549473,0.5866415964026076,0.8633601983865851,RNN,24,30,9636,"MM(-1,1)",3921,"{'Recurrent': 32, 'Dense': 56, 'Dropout': 0, 'L2': True}"
149,0.8223840170591868,0.676315471514405,2.518495933974549,0.6427542110263842,0.8400891967012857,RNN,24,30,9636,"MM(-1,1)",3921,"{'Recurrent': 32, 'Dense': 56, 'Dropout': 0, 'L2': False}"
150,0.7688190197958973,0.5910826851999244,2.7097945810799473,0.5881758464427599,0.8602419861922858,RNN,24,30,9636,"MM(-1,1)",3921,"{'Recurrent': 32, 'Dense': 56, 'Dropout': 0.5, 'L2': True}"
151,1.1671041265936601,1.36213204231195,3.6789719049225624,0.907608307534979,0.6779319145290573,RNN,24,30,9636,"MM(-1,1)",3921,"{'Recurrent': 32, 'Dense': 56, 'Dropout': 0.5, 'L2': False}"
152,0.7518327866761114,0.5652525391211672,2.531869471216666,0.580776984790208,0.8663493718469835,RNN,24,30,9636,"MM(-1,1)",73729,"{'Recurrent': 256, 'Dense': 0, 'Dropout': 0, 'L2': True}"
153,0.884032677605185,0.7815137750737929,2.5656982065682286,0.7246196330171324,0.81521567844482,RNN,24,30,9636,"MM(-1,1)",73729,"{'Recurrent': 256, 'Dense': 0, 'Dropout': 0, 'L2': False}"
154,0.9794326011570913,0.9592882202093459,2.8563705088143223,0.7646092693372648,0.7731819596775213,RNN,24,30,9636,"MM(-1,1)",73729,"{'Recurrent': 256, 'Dense': 0, 'Dropout': 0.5, 'L2': True}"
155,1.2379665923782681,1.5325612838446612,4.546067774439322,0.902655828795887,0.6376349258204292,RNN,24,30,9636,"MM(-1,1)",73729,"{'Recurrent': 256, 'Dense': 0, 'Dropout': 0.5, 'L2': False}"
156,0.7357513561733229,0.5413300581108837,2.230653345728385,0.5723943926346815,0.8720057013505607,RNN,24,30,9636,"MM(-1,1)",87921,"{'Recurrent': 256, 'Dense': 56, 'Dropout': 0, 'L2': True}"
157,0.8546771549122905,0.7304730391289673,2.236398279810416,0.6855012968431395,0.8272839593428133,RNN,24,30,9636,"MM(-1,1)",87921,"{'Recurrent': 256, 'Dense': 56, 'Dropout': 0, 'L2': False}"
158,0.7662210234820539,0.5870946568258861,2.4766173960213536,0.5952171514331939,0.861184931973849,RNN,24,30,9636,"MM(-1,1)",87921,"{'Recurrent': 256, 'Dense': 56, 'Dropout': 0.5, 'L2': True}"
159,0.8263894820124789,0.6829195759808532,2.4863143564705723,0.6558260675495777,0.8385276951612816,RNN,24,30,9636,"MM(-1,1)",87921,"{'Recurrent': 256, 'Dense': 56, 'Dropout': 0.5, 'L2': False}"
160,0.7716054114459403,0.5953749109726588,2.797402918482291,0.5926259887299463,0.8592271147304212,GRU,24,30,9636,"MM(-1,1)",6177,"{'Recurrent': 32, 'Dense': 0, 'Dropout': 0, 'L2': True}"
161,0.8895035563829337,0.7912165768178868,2.893647808242875,0.7002086246515473,0.8129215082143625,GRU,24,30,9636,"MM(-1,1)",6177,"{'Recurrent': 32, 'Dense': 0, 'Dropout': 0, 'L2': False}"
162,0.760009425784665,0.5776143272815363,2.3231979013924473,0.604760944509832,0.8634264999651577,GRU,24,30,9636,"MM(-1,1)",6177,"{'Recurrent': 32, 'Dense': 0, 'Dropout': 0.5, 'L2': True}"
163,0.9824956658275119,0.9652977333698459,2.985475123072135,0.7164165265617558,0.7717610457440016,GRU,24,30,9636,"MM(-1,1)",6177,"{'Recurrent': 32, 'Dense': 0, 'Dropout': 0.5, 'L2': False}"
164,0.7989354990326036,0.6382979316144753,2.1321960093026036,0.6425385169626969,0.8490782197251501,GRU,24,30,9636,"MM(-1,1)",8049,"{'Recurrent': 32, 'Dense': 56, 'Dropout': 0, 'L2': True}"
165,1.0256392461293113,1.051935863200702,3.346383631372916,0.7944244898641232,0.7512759710694156,GRU,24,30,9636,"MM(-1,1)",8049,"{'Recurrent': 32, 'Dense': 56, 'Dropout': 0, 'L2': False}"
166,0.7715781666622794,0.5953328672699243,2.296304285669791,0.6115593016912688,0.8592370557158948,GRU,24,30,9636,"MM(-1,1)",8049,"{'Recurrent': 32, 'Dense': 56, 'Dropout': 0.5, 'L2': True}"
167,0.9887273560936474,0.9775817846879342,2.938211101699906,0.7521407807917904,0.7688565542799227,GRU,24,30,9636,"MM(-1,1)",8049,"{'Recurrent': 32, 'Dense': 56, 'Dropout': 0.5, 'L2': False}"
168,0.7466073144324229,0.5574224819639948,2.2990584970955723,0.5811499121651237,0.8682007426681693,GRU,24,30,9636,"MM(-1,1)",221441,"{'Recurrent': 256, 'Dense': 0, 'Dropout': 0, 'L2': True}"
169,0.7573645993500892,0.5736011363487211,2.4083999212493126,0.6037122924381082,0.8643753952852967,GRU,24,30,9636,"MM(-1,1)",221441,"{'Recurrent': 256, 'Dense': 0, 'Dropout': 0, 'L2': False}"
170,0.7381107536360013,0.5448074846331059,2.4751144052986973,0.5669483008117816,0.8711834843645503,GRU,24,30,9636,"MM(-1,1)",221441,"{'Recurrent': 256, 'Dense': 0, 'Dropout': 0.5, 'L2': True}"
171,0.7769533353895,0.6036564853728689,2.2346633489836876,0.632189314938996,0.857268985320857,GRU,24,30,9636,"MM(-1,1)",221441,"{'Recurrent': 256, 'Dense': 0, 'Dropout': 0.5, 'L2': False}"
172,0.7440790223741113,0.5536535915372132,2.260903895044791,0.5831102209249249,0.8690918745749139,GRU,24,30,9636,"MM(-1,1)",235633,"{'Recurrent': 256, 'Dense': 56, 'Dropout': 0, 'L2': True}"
173,0.7689897316447382,0.5913452073750465,2.821237146997916,0.5824978449791517,0.8601799143727346,GRU,24,30,9636,"MM(-1,1)",235633,"{'Recurrent': 256, 'Dense': 56, 'Dropout': 0, 'L2': False}"
174,0.7513583939510449,0.5645394361606935,2.4659286142830723,0.5801613731474194,0.8665179808350179,GRU,24,30,9636,"MM(-1,1)",235633,"{'Recurrent': 256, 'Dense': 56, 'Dropout': 0.5, 'L2': True}"
175,0.7613366299468193,0.57963346409878,2.7169662119393223,0.598354998235558,0.862949086976671,GRU,24,30,9636,"MM(-1,1)",235633,"{'Recurrent': 256, 'Dense': 56, 'Dropout': 0.5, 'L2': False}"
176,0.6904480521686318,0.4767185127434577,1.7472243906502598,0.5508408974037369,0.8872827200751816,LSTM,24,30,9636,"MM(-1,1)",8097,"{'Recurrent': 32, 'Dense': 0, 'Dropout': 0, 'L2': True}"
177,0.7220867984634965,0.5214093445152623,1.627969151523942,0.5963856621779838,0.8767158365574729,LSTM,24,30,9636,"MM(-1,1)",8097,"{'Recurrent': 32, 'Dense': 0, 'Dropout': 0, 'L2': False}"
178,0.7219151226639153,0.5211614443308559,2.069497645044791,0.5832428967610579,0.8767744510935822,LSTM,24,30,9636,"MM(-1,1)",8097,"{'Recurrent': 32, 'Dense': 0, 'Dropout': 0.5, 'L2': True}"
179,0.6897760843080354,0.475791046483326,1.9687362314705723,0.5406744781297081,0.8875020140007782,LSTM,24,30,9636,"MM(-1,1)",8097,"{'Recurrent': 32, 'Dense': 0, 'Dropout': 0.5, 'L2': False}"
180,0.7392191679761997,0.5464449783034249,2.1082702280526036,0.5970389137559878,0.8707963086466401,LSTM,24,30,9636,"MM(-1,1)",9969,"{'Recurrent': 32, 'Dense': 56, 'Dropout': 0, 'L2': True}"
181,0.8207528272980599,0.673635203517759,2.4431136663665,0.6672503443842247,0.8407229302567812,LSTM,24,30,9636,"MM(-1,1)",9969,"{'Recurrent': 32, 'Dense': 56, 'Dropout': 0, 'L2': False}"
182,0.7538564317893457,0.5682995197501645,2.01510769143151,0.6040165799942817,0.8656289312529992,LSTM,24,30,9636,"MM(-1,1)",9969,"{'Recurrent': 32, 'Dense': 56, 'Dropout': 0.5, 'L2': True}"
183,0.7175610886491828,0.5148939159434003,2.033029139185416,0.5669448898152774,0.8782563712053479,LSTM,24,30,9636,"MM(-1,1)",9969,"{'Recurrent': 32, 'Dense': 56, 'Dropout': 0.5, 'L2': False}"
184,0.7150224453221262,0.5112570973144329,1.8542953135018223,0.5741054729727428,0.8791162755146603,LSTM,24,30,9636,"MM(-1,1)",294145,"{'Recurrent': 256, 'Dense': 0, 'Dropout': 0, 'L2': True}"
185,0.7660523333848456,0.5868361774843667,2.9809707220305626,0.598296283155481,0.8612460478892456,LSTM,24,30,9636,"MM(-1,1)",294145,"{'Recurrent': 256, 'Dense': 0, 'Dropout': 0, 'L2': False}"
186,0.7313991359965649,0.5349446961365216,2.179116785669791,0.5774455256603387,0.8735154825187881,LSTM,24,30,9636,"MM(-1,1)",294145,"{'Recurrent': 256, 'Dense': 0, 'Dropout': 0.5, 'L2': True}"
187,0.735656752919005,0.541190858115334,2.22464138283776,0.5757250807489455,0.8720386143682944,LSTM,24,30,9636,"MM(-1,1)",294145,"{'Recurrent': 256, 'Dense': 0, 'Dropout': 0.5, 'L2': False}"
188,0.6953846296952213,0.4835597832163601,1.8338180185799473,0.5581895814321408,0.8856651420321184,LSTM,24,30,9636,"MM(-1,1)",308337,"{'Recurrent': 256, 'Dense': 56, 'Dropout': 0, 'L2': True}"
189,0.8120359381845679,0.6594023649032913,3.477568012069625,0.6328414551670986,0.8440882009801673,LSTM,24,30,9636,"MM(-1,1)",308337,"{'Recurrent': 256, 'Dense': 56, 'Dropout': 0, 'L2': False}"
190,0.7053605335196834,0.4975334822471724,2.299722254419791,0.549458931678549,0.8823611433344869,LSTM,24,30,9636,"MM(-1,1)",308337,"{'Recurrent': 256, 'Dense': 56, 'Dropout': 0.5, 'L2': True}"
191,0.7355008218250906,0.5409614589053837,3.050566058944625,0.5607359416771497,0.8720928544581404,LSTM,24,30,9636,"MM(-1,1)",308337,"{'Recurrent': 256, 'Dense': 56, 'Dropout': 0.5, 'L2': False}"
192,1.6298093282171338,2.656278446343585,3.213603636059233,1.2603783833339477,0.9653257541748332,RNN,24,30,9664,"MM(-1,1)",2049,"{'Recurrent': 32, 'Dense': 0, 'Dropout': 0, 'L2': True}"
193,4.5671569384110775,20.85892250007645,6.308976352345709,4.441312842877378,0.7277140100235564,RNN,24,30,9664,"MM(-1,1)",2049,"{'Recurrent': 32, 'Dense': 0, 'Dropout': 0, 'L2': False}"
194,3.9223169685584605,15.38457040184163,6.269065759628077,3.4429535714191606,0.7991745267660691,RNN,24,30,9664,"MM(-1,1)",2049,"{'Recurrent': 32, 'Dense': 0, 'Dropout': 0.5, 'L2': True}"
195,2.810549693539274,7.899189579853706,5.146943271291022,2.4266631792246853,0.8968863969481553,RNN,24,30,9664,"MM(-1,1)",2049,"{'Recurrent': 32, 'Dense': 0, 'Dropout': 0.5, 'L2': False}"
196,1.6526454959070995,2.731237135142023,3.2826819687118984,1.2623258340401164,0.9643472663940409,RNN,24,30,9664,"MM(-1,1)",3921,"{'Recurrent': 32, 'Dense': 56, 'Dropout': 0, 'L2': True}"
197,1.0062915921853484,1.0126227685029237,2.762219932579086,0.7286215891090553,0.9867815323157993,RNN,24,30,9664,"MM(-1,1)",3921,"{'Recurrent': 32, 'Dense': 56, 'Dropout': 0, 'L2': False}"
198,1.7001305519535423,2.8904438936858567,3.4798026352158047,1.2892800762014587,0.9622690300967974,RNN,24,30,9664,"MM(-1,1)",3921,"{'Recurrent': 32, 'Dense': 56, 'Dropout': 0.5, 'L2': True}"
199,1.8542980161875182,3.438421132836966,3.591675937306647,1.6636359880625762,0.9551159029376035,RNN,24,30,9664,"MM(-1,1)",3921,"{'Recurrent': 32, 'Dense': 56, 'Dropout': 0.5, 'L2': False}"
200,0.9656128014034108,0.9324080822341427,2.7221961288681484,0.7217649915738205,0.987828630278854,RNN,24,30,9664,"MM(-1,1)",73729,"{'Recurrent': 256, 'Dense': 0, 'Dropout': 0, 'L2': True}"
201,1.0176501512587446,1.035611830356946,2.5724234848251797,0.7354326999985786,0.9864814401386733,RNN,24,30,9664,"MM(-1,1)",73729,"{'Recurrent': 256, 'Dense': 0, 'Dropout': 0, 'L2': False}"
202,1.1695136513794673,1.3677621807629343,3.359296348594711,0.8315708005439263,0.9821456511265139,RNN,24,30,9664,"MM(-1,1)",73729,"{'Recurrent': 256, 'Dense': 0, 'Dropout': 0.5, 'L2': True}"
203,1.1983232022849803,1.4359784971345297,2.6839270858993984,0.9184096725626139,0.9812551762117278,RNN,24,30,9664,"MM(-1,1)",73729,"{'Recurrent': 256, 'Dense': 0, 'Dropout': 0.5, 'L2': False}"
204,1.0985797662824912,1.2068775028852932,2.8331961899033047,0.8253194646139413,0.9842457904691762,RNN,24,30,9664,"MM(-1,1)",87921,"{'Recurrent': 256, 'Dense': 56, 'Dropout': 0, 'L2': True}"
205,0.9250026366534213,0.8556298778157813,2.4911856918564297,0.657753110892448,0.9888308694596454,RNN,24,30,9664,"MM(-1,1)",87921,"{'Recurrent': 256, 'Dense': 56, 'Dropout': 0, 'L2': False}"
206,1.3971884855808798,1.9521356642397925,3.2944312362900234,1.0347591415273185,0.9745174185337758,RNN,24,30,9664,"MM(-1,1)",87921,"{'Recurrent': 256, 'Dense': 56, 'Dropout': 0.5, 'L2': True}"
207,1.174705249078257,1.3799324222120097,2.693372276329086,0.9419149871947062,0.9819867845196121,RNN,24,30,9664,"MM(-1,1)",87921,"{'Recurrent': 256, 'Dense': 56, 'Dropout': 0.5, 'L2': False}"
208,1.7708022386913527,3.1357405685543065,3.220136192344711,1.3432857132289384,0.9590670023815959,GRU,24,30,9664,"MM(-1,1)",6177,"{'Recurrent': 32, 'Dense': 0, 'Dropout': 0, 'L2': True}"
209,4.806412965741717,23.10160559725008,8.07238546402617,3.7840629834762196,0.6984387112963513,GRU,24,30,9664,"MM(-1,1)",6177,"{'Recurrent': 32, 'Dense': 0, 'Dropout': 0, 'L2': False}"
210,4.271824544297468,18.24848493726227,7.136525583210712,3.138310212916092,0.7617898629857576,GRU,24,30,9664,"MM(-1,1)",6177,"{'Recurrent': 32, 'Dense': 0, 'Dropout': 0.5, 'L2': True}"
211,3.893729841523036,15.16113207876701,6.681699228230244,2.778708331006166,0.8020912222471913,GRU,24,30,9664,"MM(-1,1)",6177,"{'Recurrent': 32, 'Dense': 0, 'Dropout': 0.5, 'L2': False}"
212,2.7287085717471276,7.445850469526249,4.808561001135544,2.0606001001127114,0.9028041469398004,GRU,24,30,9664,"MM(-1,1)",8049,"{'Recurrent': 32, 'Dense': 56, 'Dropout': 0, 'L2': True}"
213,1.091269739759934,1.1908696449157141,2.651532676719711,0.8638777875328244,0.9844547521475483,GRU,24,30,9664,"MM(-1,1)",8049,"{'Recurrent': 32, 'Dense': 56, 'Dropout': 0, 'L2': False}"
214,2.4880772631378045,6.190528467343307,4.218442466758773,1.8056944967993227,0.9191907361369337,GRU,24,30,9664,"MM(-1,1)",8049,"{'Recurrent': 32, 'Dense': 56, 'Dropout': 0.5, 'L2': True}"
215,0.9977975165984704,0.9955998841300747,2.342664268516586,0.7166045686157277,0.9870037438381682,GRU,24,30,9664,"MM(-1,1)",8049,"{'Recurrent': 32, 'Dense': 56, 'Dropout': 0.5, 'L2': False}"
216,1.0623878146293055,1.1286678686728318,2.609448936485336,0.831780314633575,0.9852667150963786,GRU,24,30,9664,"MM(-1,1)",221441,"{'Recurrent': 256, 'Dense': 0, 'Dropout': 0, 'L2': True}"
217,1.083722092061596,1.1744535728223622,2.779431846641586,0.757235781649509,0.984669042528149,GRU,24,30,9664,"MM(-1,1)",221441,"{'Recurrent': 256, 'Dense': 0, 'Dropout': 0, 'L2': False}"
218,0.992176250649354,0.9844137123526097,2.733235862754867,0.6717212493059481,0.9871497647007733,GRU,24,30,9664,"MM(-1,1)",221441,"{'Recurrent': 256, 'Dense': 0, 'Dropout': 0.5, 'L2': True}"
219,1.0405349632788408,1.0827130098056985,2.901174095176742,0.6647520187656973,0.9858665957585182,GRU,24,30,9664,"MM(-1,1)",221441,"{'Recurrent': 256, 'Dense': 0, 'Dropout': 0.5, 'L2': False}"
220,1.62992065810296,2.6566413517107863,3.189588096641586,1.2503879017289088,0.9653210169192451,GRU,24,30,9664,"MM(-1,1)",235633,"{'Recurrent': 256, 'Dense': 56, 'Dropout': 0, 'L2': True}"
221,0.9166304046336102,0.840211298698776,2.4423194198837734,0.665660343503097,0.989032138872238,GRU,24,30,9664,"MM(-1,1)",235633,"{'Recurrent': 256, 'Dense': 56, 'Dropout': 0, 'L2': False}"
222,1.4923547514442976,2.2271227041583717,3.3781409530868984,1.0578625913671948,0.9709278218806099,GRU,24,30,9664,"MM(-1,1)",235633,"{'Recurrent': 256, 'Dense': 56, 'Dropout': 0.5, 'L2': True}"
223,1.2538322646329672,1.5720953478346351,3.1792960434189297,0.836965088399612,0.9794783485042937,GRU,24,30,9664,"MM(-1,1)",235633,"{'Recurrent': 256, 'Dense': 56, 'Dropout': 0.5, 'L2': False}"
224,2.6340971012434795,6.938467538779301,4.367656370434233,1.9598715456010745,0.909427368421882,LSTM,24,30,9664,"MM(-1,1)",8097,"{'Recurrent': 32, 'Dense': 0, 'Dropout': 0, 'L2': True}"
225,1.172446421364513,1.374630610970453,2.732373741172836,0.8860901303674746,0.9820559927408216,LSTM,24,30,9664,"MM(-1,1)",8097,"{'Recurrent': 32, 'Dense': 0, 'Dropout': 0, 'L2': False}"
226,2.936778197670967,8.624666182315535,4.912519131018357,2.085056669239386,0.8874162474279517,LSTM,24,30,9664,"MM(-1,1)",8097,"{'Recurrent': 32, 'Dense': 0, 'Dropout': 0.5, 'L2': True}"
227,1.7883889304337008,3.1983349664977965,3.7860160141220547,1.2324001503157305,0.9582499142692564,LSTM,24,30,9664,"MM(-1,1)",8097,"{'Recurrent': 32, 'Dense': 0, 'Dropout': 0.5, 'L2': False}"
228,3.5296072661907534,12.458127453546563,6.265554104162888,2.5750976819625477,0.8373754173098249,LSTM,24,30,9664,"MM(-1,1)",9969,"{'Recurrent': 32, 'Dense': 56, 'Dropout': 0, 'L2': True}"
229,1.0984768815931405,1.2066514593945905,2.4271292953720547,0.8509684211169439,0.9842487411717181,LSTM,24,30,9664,"MM(-1,1)",9969,"{'Recurrent': 32, 'Dense': 56, 'Dropout': 0, 'L2': False}"
230,3.332970725842053,11.108693859320104,5.860021267248825,2.3779516030177175,0.8549905104245376,LSTM,24,30,9664,"MM(-1,1)",9969,"{'Recurrent': 32, 'Dense': 56, 'Dropout': 0.5, 'L2': True}"
231,1.4004920453869756,1.9613779691921942,3.050801780723617,1.0471518391241457,0.9743967723137412,LSTM,24,30,9664,"MM(-1,1)",9969,"{'Recurrent': 32, 'Dense': 56, 'Dropout': 0.5, 'L2': False}"
232,3.292807206682211,10.842579300378306,5.63553383638768,2.7035785932174305,0.8584642884266538,LSTM,24,30,9664,"MM(-1,1)",294145,"{'Recurrent': 256, 'Dense': 0, 'Dropout': 0, 'L2': True}"
233,3.1946281073437444,10.205648744230674,5.502751853965805,2.6253396972562144,0.866778584959769,LSTM,24,30,9664,"MM(-1,1)",294145,"{'Recurrent': 256, 'Dense': 0, 'Dropout': 0, 'L2': False}"
234,3.2971864410972977,10.871438427355864,5.75992348482518,2.6185414980113064,0.8580875702160697,LSTM,24,30,9664,"MM(-1,1)",294145,"{'Recurrent': 256, 'Dense': 0, 'Dropout': 0.5, 'L2': True}"
235,3.312295728208118,10.971302991105746,5.739507225059555,2.637224386587269,0.8567839687666611,LSTM,24,30,9664,"MM(-1,1)",294145,"{'Recurrent': 256, 'Dense': 0, 'Dropout': 0.5, 'L2': False}"
236,2.1422479161759194,4.589226134360068,3.5932975082626797,1.6510918291093752,0.9400936466773191,LSTM,24,30,9664,"MM(-1,1)",308337,"{'Recurrent': 256, 'Dense': 56, 'Dropout': 0, 'L2': True}"
237,0.9213106568382866,0.848813326403795,2.4981131820908047,0.6688459539143629,0.9889198506354195,LSTM,24,30,9664,"MM(-1,1)",308337,"{'Recurrent': 256, 'Dense': 56, 'Dropout': 0, 'L2': False}"
238,2.156753464783359,4.651585507855025,3.9393592148056484,1.6452178122290102,0.9392796265021963,LSTM,24,30,9664,"MM(-1,1)",308337,"{'Recurrent': 256, 'Dense': 56, 'Dropout': 0.5, 'L2': True}"
239,1.1174079303903897,1.248600482899334,2.838788536094711,0.8010106578011301,0.9837011514583237,LSTM,24,30,9664,"MM(-1,1)",308337,"{'Recurrent': 256, 'Dense': 56, 'Dropout': 0.5, 'L2': False}"
240,1.0551701517111873,1.1133840490622102,2.7644701549089064,0.8497392107662692,0.7987524600382094,RNN,24,30,9678,"MM(-1,1)",2049,"{'Recurrent': 32, 'Dense': 0, 'Dropout': 0, 'L2': True}"
241,1.2670395325835122,1.6053891771294453,3.2745628770115047,1.015664591540859,0.7098210425677366,RNN,24,30,9678,"MM(-1,1)",2049,"{'Recurrent': 32, 'Dense': 0, 'Dropout': 0, 'L2': False}"
242,1.2443877888693633,1.5485009690871832,3.0009047281957777,1.0022805849420355,0.7201037585191488,RNN,24,30,9678,"MM(-1,1)",2049,"{'Recurrent': 32, 'Dense': 0, 'Dropout': 0.5, 'L2': True}"
243,1.1326907130256063,1.2829882513744566,3.428134959531036,0.8658391929384428,0.7680959866395912,RNN,24,30,9678,"MM(-1,1)",2049,"{'Recurrent': 32, 'Dense': 0, 'Dropout': 0.5, 'L2': False}"
244,0.6580941161635826,0.4330878657291269,1.710135550896922,0.5043206953311369,0.9217180561921099,RNN,24,30,9678,"MM(-1,1)",3921,"{'Recurrent': 32, 'Dense': 56, 'Dropout': 0, 'L2': True}"
245,0.8144698264818679,0.663361098249404,2.3409373681435994,0.6250196476797528,0.8800954717812874,RNN,24,30,9678,"MM(-1,1)",3921,"{'Recurrent': 32, 'Dense': 56, 'Dropout': 0, 'L2': False}"
246,0.7160934105114559,0.5127897725779285,1.9377031871354689,0.5505053845326778,0.9073116950653314,RNN,24,30,9678,"MM(-1,1)",3921,"{'Recurrent': 32, 'Dense': 56, 'Dropout': 0.5, 'L2': True}"
247,0.8833062623130972,0.780229953041534,2.348160478530204,0.6948102281564346,0.8589710722132515,RNN,24,30,9678,"MM(-1,1)",3921,"{'Recurrent': 32, 'Dense': 56, 'Dropout': 0.5, 'L2': False}"
248,0.7764289663569339,0.6028419397980969,2.097305986342704,0.6037588906141051,0.8910344930194145,RNN,24,30,9678,"MM(-1,1)",73729,"{'Recurrent': 256, 'Dense': 0, 'Dropout': 0, 'L2': True}"
249,0.7413236147922116,0.5495607018485914,2.070609183709422,0.6016875426604429,0.9006652381989313,RNN,24,30,9678,"MM(-1,1)",73729,"{'Recurrent': 256, 'Dense': 0, 'Dropout': 0, 'L2': False}"
250,0.7628697545017926,0.5819702623336254,2.090502492655318,0.6103802449608423,0.8948071119536796,RNN,24,30,9678,"MM(-1,1)",73729,"{'Recurrent': 256, 'Dense': 0, 'Dropout': 0.5, 'L2': True}"
251,0.7555149044720529,0.5708027708794153,1.845395142701875,0.5838362378832351,0.8968256698669145,RNN,24,30,9678,"MM(-1,1)",73729,"{'Recurrent': 256, 'Dense': 0, 'Dropout': 0.5, 'L2': False}"
252,0.6831584037350856,0.4667054045938703,1.8583629052529744,0.5244948744393172,0.9156415841950502,RNN,24,30,9678,"MM(-1,1)",87921,"{'Recurrent': 256, 'Dense': 56, 'Dropout': 0, 'L2': True}"
253,0.8711663324910411,0.7589307788658912,2.5103156298973914,0.6629244599451937,0.8628209624731993,RNN,24,30,9678,"MM(-1,1)",87921,"{'Recurrent': 256, 'Dense': 56, 'Dropout': 0, 'L2': False}"
254,0.7780905297436562,0.6054248724767636,1.9943667003190626,0.5925582202812284,0.8905676201125263,RNN,24,30,9678,"MM(-1,1)",87921,"{'Recurrent': 256, 'Dense': 56, 'Dropout': 0.5, 'L2': True}"
255,0.7486355838462757,0.5604552374008541,2.0388743798623494,0.574623278262227,0.898696017891917,RNN,24,30,9678,"MM(-1,1)",87921,"{'Recurrent': 256, 'Dense': 56, 'Dropout': 0.5, 'L2': False}"
256,0.9718973639043934,0.944584485964309,2.7070567529092244,0.8117106136791463,0.8292634924611102,GRU,24,30,9678,"MM(-1,1)",6177,"{'Recurrent': 32, 'Dense': 0, 'Dropout': 0, 'L2': True}"
257,0.7317493620957298,0.5354571289275075,2.0722072045693807,0.5793164795126632,0.9032145017324178,GRU,24,30,9678,"MM(-1,1)",6177,"{'Recurrent': 32, 'Dense': 0, 'Dropout': 0, 'L2': False}"
258,1.1746151739601414,1.379720806897413,2.7368113915810994,1.0599364453569884,0.750611284169128,GRU,24,30,9678,"MM(-1,1)",6177,"{'Recurrent': 32, 'Dense': 0, 'Dropout': 0.5, 'L2': True}"
259,1.026368789128843,1.0534328912978077,2.3798790391208797,0.7930491451548022,0.8095888134313709,GRU,24,30,9678,"MM(-1,1)",6177,"{'Recurrent': 32, 'Dense': 0, 'Dropout': 0.5, 'L2': False}"
260,0.6727364493701192,0.45257433031111505,1.6987483422646932,0.5225343002432252,0.9181958186829766,GRU,24,30,9678,"MM(-1,1)",8049,"{'Recurrent': 32, 'Dense': 56, 'Dropout': 0, 'L2': True}"
261,0.7255280552534271,0.52639095895982,1.779648515639579,0.5592032299169659,0.9048532394208276,GRU,24,30,9678,"MM(-1,1)",8049,"{'Recurrent': 32, 'Dense': 56, 'Dropout': 0, 'L2': False}"
262,0.6931349978249334,0.48043612520977036,1.815073720682662,0.5395802348785869,0.9131597148453141,GRU,24,30,9678,"MM(-1,1)",8049,"{'Recurrent': 32, 'Dense': 56, 'Dropout': 0.5, 'L2': True}"
263,0.7414162022550256,0.549697984966265,2.1359641284325477,0.5872228951579991,0.9006404238595006,GRU,24,30,9678,"MM(-1,1)",8049,"{'Recurrent': 32, 'Dense': 56, 'Dropout': 0.5, 'L2': False}"
264,0.7034916718121043,0.4949005323089894,1.7283144542253126,0.543242133189396,0.9105452294409512,GRU,24,30,9678,"MM(-1,1)",221441,"{'Recurrent': 256, 'Dense': 0, 'Dropout': 0, 'L2': True}"
265,0.741648043445926,0.5500418203471702,1.7995722872386608,0.5613978254984408,0.9005782745727228,GRU,24,30,9678,"MM(-1,1)",221441,"{'Recurrent': 256, 'Dense': 0, 'Dropout': 0, 'L2': False}"
266,0.7178525984211458,0.5153123530599908,1.8166018077409376,0.5556738732672685,0.9068557310008217,GRU,24,30,9678,"MM(-1,1)",221441,"{'Recurrent': 256, 'Dense': 0, 'Dropout': 0.5, 'L2': True}"
267,0.705136975180834,0.4972181537671761,1.807505361307662,0.537238314769544,0.9101263123409482,GRU,24,30,9678,"MM(-1,1)",221441,"{'Recurrent': 256, 'Dense': 0, 'Dropout': 0.5, 'L2': False}"
268,0.6864518248542439,0.4712161078457216,1.7586848657021932,0.5279643582690173,0.9148262609167104,GRU,24,30,9678,"MM(-1,1)",235633,"{'Recurrent': 256, 'Dense': 56, 'Dropout': 0, 'L2': True}"
269,0.6861504827066307,0.4708024849185424,1.7838923852334432,0.5323145783945421,0.9149010245139046,GRU,24,30,9678,"MM(-1,1)",235633,"{'Recurrent': 256, 'Dense': 56, 'Dropout': 0, 'L2': False}"
270,0.7144867111573505,0.5104912604204472,1.7879283349404744,0.5462224352040707,0.9077271581013386,GRU,24,30,9678,"MM(-1,1)",235633,"{'Recurrent': 256, 'Dense': 56, 'Dropout': 0.5, 'L2': True}"
271,0.7490661940593044,0.5611001630824916,1.9889288858578595,0.5854528033090393,0.8985794456211025,GRU,24,30,9678,"MM(-1,1)",235633,"{'Recurrent': 256, 'Dense': 56, 'Dropout': 0.5, 'L2': False}"
272,0.7109784199349802,0.5054903136132411,1.7038393565690626,0.5456573146202658,0.9086310943875443,LSTM,24,30,9678,"MM(-1,1)",8097,"{'Recurrent': 32, 'Dense': 0, 'Dropout': 0, 'L2': True}"
273,0.751659014119815,0.5649912735075722,1.7706111055980358,0.5744004725772048,0.8978761156233118,LSTM,24,30,9678,"MM(-1,1)",8097,"{'Recurrent': 32, 'Dense': 0, 'Dropout': 0, 'L2': False}"
274,0.7580354162206543,0.5746176922448205,1.812583060662547,0.586213285154431,0.8961361112724815,LSTM,24,30,9678,"MM(-1,1)",8097,"{'Recurrent': 32, 'Dense': 0, 'Dropout': 0.5, 'L2': True}"
275,0.7171585286933786,0.5143163552776515,2.0717799584756307,0.5665196487661256,0.9070357606174414,LSTM,24,30,9678,"MM(-1,1)",8097,"{'Recurrent': 32, 'Dense': 0, 'Dropout': 0.5, 'L2': False}"
276,0.6890198441840544,0.4747483456794186,1.639939042983329,0.5282476753658883,0.9141877982270479,LSTM,24,30,9678,"MM(-1,1)",9969,"{'Recurrent': 32, 'Dense': 56, 'Dropout': 0, 'L2': True}"
277,0.7013628719963129,0.49190987821491633,1.8866923433910046,0.5434915124906325,0.9110857992289015,LSTM,24,30,9678,"MM(-1,1)",9969,"{'Recurrent': 32, 'Dense': 56, 'Dropout': 0, 'L2': False}"
278,0.7029731901182948,0.49417130602509224,1.6183291026628126,0.5372234708177501,0.9106770393010201,LSTM,24,30,9678,"MM(-1,1)",9969,"{'Recurrent': 32, 'Dense': 56, 'Dropout': 0.5, 'L2': True}"
279,0.7912221556543806,0.6260324995983648,1.9799159151683483,0.6081398017763346,0.8868427290776985,LSTM,24,30,9678,"MM(-1,1)",9969,"{'Recurrent': 32, 'Dense': 56, 'Dropout': 0.5, 'L2': False}"
280,0.7055053517670851,0.4977378013719984,1.7116594859635939,0.5390658135723023,0.9100323844620589,LSTM,24,30,9678,"MM(-1,1)",294145,"{'Recurrent': 256, 'Dense': 0, 'Dropout': 0, 'L2': True}"
281,0.9491755492301416,0.900934223256341,2.281382314432662,0.7762222735965922,0.8371534096878421,LSTM,24,30,9678,"MM(-1,1)",294145,"{'Recurrent': 256, 'Dense': 0, 'Dropout': 0, 'L2': False}"
282,1.013614399414005,1.027414150699414,2.4494883935342244,0.8606385270830753,0.8142917796205678,LSTM,24,30,9678,"MM(-1,1)",294145,"{'Recurrent': 256, 'Dense': 0, 'Dropout': 0.5, 'L2': True}"
283,0.7645382847239125,0.5845187888085822,1.7346919161449108,0.5888527256704388,0.8943464580723486,LSTM,24,30,9678,"MM(-1,1)",294145,"{'Recurrent': 256, 'Dense': 0, 'Dropout': 0.5, 'L2': False}"
284,0.6965574992148684,0.4851923497124715,1.6799746104753126,0.5329160775575853,0.9123000128570552,LSTM,24,30,9678,"MM(-1,1)",308337,"{'Recurrent': 256, 'Dense': 56, 'Dropout': 0, 'L2': True}"
285,0.6975970215408281,0.4866416044626347,1.776957265604537,0.5360164740221863,0.9120380556703199,LSTM,24,30,9678,"MM(-1,1)",308337,"{'Recurrent': 256, 'Dense': 56, 'Dropout': 0, 'L2': False}"
286,0.6952484227230583,0.4833703692989004,1.7238948266396932,0.5312392876620494,0.9126293413366562,LSTM,24,30,9678,"MM(-1,1)",308337,"{'Recurrent': 256, 'Dense': 56, 'Dropout': 0.5, 'L2': True}"
287,0.7288812024835783,0.5312678073339071,1.833964101542037,0.5551999446486012,0.9039717343023751,LSTM,24,30,9678,"MM(-1,1)",308337,"{'Recurrent': 256, 'Dense': 56, 'Dropout': 0.5, 'L2': False}"
288,1.394577822146131,1.9448473020218453,3.7521937022611382,1.0433131948223777,0.6504338372002885,RNN,24,30,9770,"MM(-1,1)",2049,"{'Recurrent': 32, 'Dense': 0, 'Dropout': 0, 'L2': True}"
289,2.3285571209181555,5.4221782653786486,5.438117371161894,1.6569597684279467,0.025419605809690493,RNN,24,30,9770,"MM(-1,1)",2049,"{'Recurrent': 32, 'Dense': 0, 'Dropout': 0, 'L2': False}"
290,1.5439335106400218,2.3837306852772224,4.275462161010111,1.1774680289004604,0.5715490938882328,RNN,24,30,9770,"MM(-1,1)",2049,"{'Recurrent': 32, 'Dense': 0, 'Dropout': 0.5, 'L2': True}"
291,1.0868008467314558,1.1811360804562094,2.309946762802724,0.9059581550389937,0.7877030207152321,RNN,24,30,9770,"MM(-1,1)",2049,"{'Recurrent': 32, 'Dense': 0, 'Dropout': 0.5, 'L2': False}"
292,1.170515463744693,1.370106450865454,3.4199912373139227,0.8405449710668241,0.7537375535044506,RNN,24,30,9770,"MM(-1,1)",3921,"{'Recurrent': 32, 'Dense': 56, 'Dropout': 0, 'L2': True}"
293,1.2608547991399963,1.5897548245143602,4.072443972533549,0.9096243210942055,0.714258032895391,RNN,24,30,9770,"MM(-1,1)",3921,"{'Recurrent': 32, 'Dense': 56, 'Dropout': 0, 'L2': False}"
294,1.1806393387140464,1.3939092481191406,3.32001019567808,0.8666369711784591,0.7494592471864068,RNN,24,30,9770,"MM(-1,1)",3921,"{'Recurrent': 32, 'Dense': 56, 'Dropout': 0.5, 'L2': True}"
295,1.3221222635206638,1.7480072796970036,3.7004652127679236,0.9959801674438188,0.6858137928492342,RNN,24,30,9770,"MM(-1,1)",3921,"{'Recurrent': 32, 'Dense': 56, 'Dropout': 0.5, 'L2': False}"
296,1.071830811884732,1.1488212893054834,3.5386435810639227,0.7642632363655971,0.7935112697908742,RNN,24,30,9770,"MM(-1,1)",73729,"{'Recurrent': 256, 'Dense': 0, 'Dropout': 0, 'L2': True}"
297,1.7222257667431686,2.9660615916340953,4.21568499514396,1.2557667535843924,0.46688114376010315,RNN,24,30,9770,"MM(-1,1)",73729,"{'Recurrent': 256, 'Dense': 0, 'Dropout': 0, 'L2': False}"
298,1.0797924489166784,1.1659517327374775,3.0474326435639227,0.817796160979494,0.790432249977157,RNN,24,30,9770,"MM(-1,1)",73729,"{'Recurrent': 256, 'Dense': 0, 'Dropout': 0.5, 'L2': True}"
299,1.4661315242791617,2.1495416464851385,3.5421527642501047,1.0844782983275767,0.6136421484818742,RNN,24,30,9770,"MM(-1,1)",73729,"{'Recurrent': 256, 'Dense': 0, 'Dropout': 0.5, 'L2': False}"
300,1.1164826283213645,1.2465334593433819,3.1862799946381415,0.8169455200172512,0.7759485190785319,RNN,24,30,9770,"MM(-1,1)",87921,"{'Recurrent': 256, 'Dense': 56, 'Dropout': 0, 'L2': True}"
301,1.1911769666272853,1.4189025658233807,3.8218419868330926,0.8172175811544535,0.7449669571457322,RNN,24,30,9770,"MM(-1,1)",87921,"{'Recurrent': 256, 'Dense': 56, 'Dropout': 0, 'L2': False}"
302,1.095931725414887,1.2010663467708513,2.9009101215912665,0.8160435545849499,0.7841207617317412,RNN,24,30,9770,"MM(-1,1)",87921,"{'Recurrent': 256, 'Dense': 56, 'Dropout': 0.5, 'L2': True}"
303,1.0299215728787523,1.0607384462810432,2.918101321166361,0.7399690519549991,0.8093432486884118,RNN,24,30,9770,"MM(-1,1)",87921,"{'Recurrent': 256, 'Dense': 56, 'Dropout': 0.5, 'L2': False}"
304,0.9333244182203749,0.8710944696464014,1.7019817569359077,0.8339083352480601,0.8434297896427233,GRU,24,30,9770,"MM(-1,1)",6177,"{'Recurrent': 32, 'Dense': 0, 'Dropout': 0, 'L2': True}"
305,0.9138488973112905,0.8351198071170616,2.1825714095447495,0.740894496731911,0.8498958626991131,GRU,24,30,9770,"MM(-1,1)",6177,"{'Recurrent': 32, 'Dense': 0, 'Dropout': 0, 'L2': False}"
306,1.17735693571849,1.3861693540844329,2.932159422240062,1.0247477770864986,0.7508504129891802,GRU,24,30,9770,"MM(-1,1)",6177,"{'Recurrent': 32, 'Dense': 0, 'Dropout': 0.5, 'L2': True}"
307,1.2496434917200447,1.5616088563982653,2.499603269896312,1.1058771348644953,0.7193169792005318,GRU,24,30,9770,"MM(-1,1)",6177,"{'Recurrent': 32, 'Dense': 0, 'Dropout': 0.5, 'L2': False}"
308,1.4569685219010762,2.1227572738106066,3.7822218045647986,1.0186415250021563,0.6184563621063063,GRU,24,30,9770,"MM(-1,1)",8049,"{'Recurrent': 32, 'Dense': 56, 'Dropout': 0, 'L2': True}"
309,1.390397313328593,1.9332046889113697,4.18634320349058,0.9601950959927961,0.6525264763425798,GRU,24,30,9770,"MM(-1,1)",8049,"{'Recurrent': 32, 'Dense': 56, 'Dropout': 0, 'L2': False}"
310,1.4895443535113908,2.2187423810776674,3.6198301419671424,1.0870619320118382,0.6012040330425368,GRU,24,30,9770,"MM(-1,1)",8049,"{'Recurrent': 32, 'Dense': 56, 'Dropout': 0.5, 'L2': True}"
311,1.4228876102943822,2.0246091515292575,3.7443715185814597,1.03643756324211,0.6360974707199338,GRU,24,30,9770,"MM(-1,1)",8049,"{'Recurrent': 32, 'Dense': 56, 'Dropout': 0.5, 'L2': False}"
312,1.3889384433296688,1.9291499993590433,3.5327329739983924,0.9998788121859484,0.6532552648015387,GRU,24,30,9770,"MM(-1,1)",221441,"{'Recurrent': 256, 'Dense': 0, 'Dropout': 0, 'L2': True}"
313,1.554559232427451,2.4166544071254257,3.4256688208275534,1.154313876180726,0.5656313958254611,GRU,24,30,9770,"MM(-1,1)",221441,"{'Recurrent': 256, 'Dense': 0, 'Dropout': 0, 'L2': False}"
314,1.3057304178641032,1.7049319241355656,3.288790713256205,0.9504205851543333,0.6935561419473826,GRU,24,30,9770,"MM(-1,1)",221441,"{'Recurrent': 256, 'Dense': 0, 'Dropout': 0.5, 'L2': True}"
315,1.4727978219039337,2.169133424204971,3.7349415869408347,1.089030780479129,0.6101207293181038,GRU,24,30,9770,"MM(-1,1)",221441,"{'Recurrent': 256, 'Dense': 0, 'Dropout': 0.5, 'L2': False}"
316,1.4266454162858846,2.0353171438095248,3.5196790799554236,1.0178268834420956,0.6341728199934678,GRU,24,30,9770,"MM(-1,1)",235633,"{'Recurrent': 256, 'Dense': 56, 'Dropout': 0, 'L2': True}"
317,1.4054479554023878,1.975283955344752,3.5047169775658347,1.0125453319714628,0.6449631639502638,GRU,24,30,9770,"MM(-1,1)",235633,"{'Recurrent': 256, 'Dense': 56, 'Dropout': 0, 'L2': False}"
318,1.3066565990033998,1.7073514677191315,3.1497593969994284,0.9587518035438288,0.6931212540436615,GRU,24,30,9770,"MM(-1,1)",235633,"{'Recurrent': 256, 'Dense': 56, 'Dropout': 0.5, 'L2': True}"
319,1.336285208302563,1.785658157928224,3.32001019567808,0.9838488976345234,0.6790464373783731,GRU,24,30,9770,"MM(-1,1)",235633,"{'Recurrent': 256, 'Dense': 56, 'Dropout': 0.5, 'L2': False}"
320,1.6059853960267514,2.5791890922512017,3.7701893896752097,1.1722724963735447,0.5364174692913775,LSTM,24,30,9770,"MM(-1,1)",8097,"{'Recurrent': 32, 'Dense': 0, 'Dropout': 0, 'L2': True}"
321,1.5879648907028432,2.521632494104893,3.536829099147866,1.1693832802643076,0.5467626717845984,LSTM,24,30,9770,"MM(-1,1)",8097,"{'Recurrent': 32, 'Dense': 0, 'Dropout': 0, 'L2': False}"
322,1.3704007173873678,1.877998126215812,3.0261326880150534,1.0468805481932193,0.662449284299166,LSTM,24,30,9770,"MM(-1,1)",8097,"{'Recurrent': 32, 'Dense': 0, 'Dropout': 0.5, 'L2': True}"
323,1.1988126282754537,1.437151717712701,2.8903121932361557,0.9499768059076883,0.7416868610715228,LSTM,24,30,9770,"MM(-1,1)",8097,"{'Recurrent': 32, 'Dense': 0, 'Dropout': 0.5, 'L2': False}"
324,1.6112174725054988,2.596021743707008,3.596735105007241,1.1804880061374046,0.5333919745016148,LSTM,24,30,9770,"MM(-1,1)",9969,"{'Recurrent': 32, 'Dense': 56, 'Dropout': 0, 'L2': True}"
325,1.684924744285454,2.838971393905403,4.40825091311271,1.1630136179302168,0.489724290727626,LSTM,24,30,9770,"MM(-1,1)",9969,"{'Recurrent': 32, 'Dense': 56, 'Dropout': 0, 'L2': False}"
326,1.4770985261398757,2.181820055924593,3.349947080104897,1.107358068813315,0.6078404386420846,LSTM,24,30,9770,"MM(-1,1)",9969,"{'Recurrent': 32, 'Dense': 56, 'Dropout': 0.5, 'L2': True}"
327,1.5632679789568622,2.4438067740318727,3.394014462917397,1.1761511332120922,0.5607510390485824,LSTM,24,30,9770,"MM(-1,1)",9969,"{'Recurrent': 32, 'Dense': 56, 'Dropout': 0.5, 'L2': False}"
328,1.5000640203756979,2.250192065225702,3.5265675635033347,1.0960972941760627,0.5955512779920696,LSTM,24,30,9770,"MM(-1,1)",294145,"{'Recurrent': 256, 'Dense': 0, 'Dropout': 0, 'L2': True}"
329,1.4367334139287646,2.064202902699403,3.231220496694732,1.103278830061774,0.6289809039575943,LSTM,24,30,9770,"MM(-1,1)",294145,"{'Recurrent': 256, 'Dense': 0, 'Dropout': 0, 'L2': False}"
330,1.4447041727614163,2.087170146794248,3.3777638525658347,1.0764150114813715,0.6248527796673363,LSTM,24,30,9770,"MM(-1,1)",294145,"{'Recurrent': 256, 'Dense': 0, 'Dropout': 0.5, 'L2': True}"
331,1.2447067404581547,1.549294869741964,2.597675574819732,1.0911343935399478,0.7215302907853205,LSTM,24,30,9770,"MM(-1,1)",294145,"{'Recurrent': 256, 'Dense': 0, 'Dropout': 0.5, 'L2': False}"
332,1.5312306069637973,2.344667171702719,3.545038327663491,1.1208514309330497,0.5785703559335964,LSTM,24,30,9770,"MM(-1,1)",308337,"{'Recurrent': 256, 'Dense': 56, 'Dropout': 0, 'L2': True}"
333,1.5689055028537697,2.46146447688484,3.799135312526772,1.1368726736869577,0.5575772498139456,LSTM,24,30,9770,"MM(-1,1)",308337,"{'Recurrent': 256, 'Dense': 56, 'Dropout': 0, 'L2': False}"
334,1.3998975076263411,1.9597130318584417,3.1238270849877097,1.0642922559606676,0.6477618762032509,LSTM,24,30,9770,"MM(-1,1)",308337,"{'Recurrent': 256, 'Dense': 56, 'Dropout': 0.5, 'L2': True}"
335,1.4413490787851204,2.077487166914715,3.5642652615960486,1.0606848334724757,0.6265931950292191,LSTM,24,30,9770,"MM(-1,1)",308337,"{'Recurrent': 256, 'Dense': 56, 'Dropout': 0.5, 'L2': False}"
336,1.0425595020674026,1.0869303153510306,3.9007467320270877,0.8017930723131783,0.9508738827143361,RNN,24,30,9793,"MM(-1,1)",2049,"{'Recurrent': 32, 'Dense': 0, 'Dropout': 0, 'L2': True}"
337,1.070882997238917,1.1467903937754063,4.0970673639398285,0.7280454010180374,0.9481683797102588,RNN,24,30,9793,"MM(-1,1)",2049,"{'Recurrent': 32, 'Dense': 0, 'Dropout': 0, 'L2': False}"
338,1.2878098349178821,1.658454170911223,4.115248211107797,0.9530626640261538,0.9250426518035143,RNN,24,30,9793,"MM(-1,1)",2049,"{'Recurrent': 32, 'Dense': 0, 'Dropout': 0.5, 'L2': True}"
339,0.9927909107318748,0.9856337924318253,3.3321726001040446,0.6977558129784495,0.9554521935731621,RNN,24,30,9793,"MM(-1,1)",2049,"{'Recurrent': 32, 'Dense': 0, 'Dropout': 0.5, 'L2': False}"
340,0.7278618856324011,0.5297829245563545,2.4480820558124066,0.529922744448583,0.9760553388564821,RNN,24,30,9793,"MM(-1,1)",3921,"{'Recurrent': 32, 'Dense': 56, 'Dropout': 0, 'L2': True}"
341,0.9144513633209641,0.8362212958795698,2.614265932189568,0.7397508509813712,0.9622052077507081,RNN,24,30,9793,"MM(-1,1)",3921,"{'Recurrent': 32, 'Dense': 56, 'Dropout': 0, 'L2': False}"
342,0.8280585243065419,0.6856809196767278,2.625373925929594,0.6221141248752565,0.96900919883746,RNN,24,30,9793,"MM(-1,1)",3921,"{'Recurrent': 32, 'Dense': 56, 'Dropout': 0.5, 'L2': True}"
343,1.2311242709826642,1.5156669706025965,3.6960358697992035,0.967046325761386,0.9314962216876037,RNN,24,30,9793,"MM(-1,1)",3921,"{'Recurrent': 32, 'Dense': 56, 'Dropout': 0.5, 'L2': False}"
344,1.0430391397185805,1.0879306469848764,3.0216374911345127,0.8156101690524803,0.9508286706078425,RNN,24,30,9793,"MM(-1,1)",73729,"{'Recurrent': 256, 'Dense': 0, 'Dropout': 0, 'L2': True}"
345,0.9426460895003557,0.8885816500503125,2.1768805384315186,0.8256723214364574,0.959838670665688,RNN,24,30,9793,"MM(-1,1)",73729,"{'Recurrent': 256, 'Dense': 0, 'Dropout': 0, 'L2': False}"
346,0.7732934108990142,0.5979826993398316,2.6358446827346285,0.582009989434925,0.9729729056153162,RNN,24,30,9793,"MM(-1,1)",73729,"{'Recurrent': 256, 'Dense': 0, 'Dropout': 0.5, 'L2': True}"
347,1.6742539857068806,2.8031264086553755,4.012367776779044,1.4228721453467688,0.8733067660610124,RNN,24,30,9793,"MM(-1,1)",73729,"{'Recurrent': 256, 'Dense': 0, 'Dropout': 0.5, 'L2': False}"
348,0.7634603322538007,0.5828716789250837,2.6506577394061566,0.568091086387184,0.973655880182054,RNN,24,30,9793,"MM(-1,1)",87921,"{'Recurrent': 256, 'Dense': 56, 'Dropout': 0, 'L2': True}"
349,0.7339526282890584,0.5386864605724168,2.721621965449472,0.5518045585558305,0.9756529246921104,RNN,24,30,9793,"MM(-1,1)",87921,"{'Recurrent': 256, 'Dense': 56, 'Dropout': 0, 'L2': False}"
350,0.8120531476547963,0.6594303146160624,2.697326745753813,0.6127628243296535,0.9701956505214516,RNN,24,30,9793,"MM(-1,1)",87921,"{'Recurrent': 256, 'Dense': 56, 'Dropout': 0.5, 'L2': True}"
351,0.6979055550535129,0.4870721637745519,2.1779938600116253,0.5653378420745415,0.9779857421343124,RNN,24,30,9793,"MM(-1,1)",87921,"{'Recurrent': 256, 'Dense': 56, 'Dropout': 0.5, 'L2': False}"
352,0.7345790025014368,0.5396063109160059,2.6696701905780316,0.5444358045083428,0.9756113501079571,GRU,24,30,9793,"MM(-1,1)",6177,"{'Recurrent': 32, 'Dense': 0, 'Dropout': 0, 'L2': True}"
353,1.3026175907490327,1.6968125877288147,4.035933025560922,1.020922945312951,0.9233089619276691,GRU,24,30,9793,"MM(-1,1)",6177,"{'Recurrent': 32, 'Dense': 0, 'Dropout': 0, 'L2': False}"
354,0.9378865746293268,0.8796312268699318,2.7234988949309837,0.7177046912936077,0.9602432039947393,GRU,24,30,9793,"MM(-1,1)",6177,"{'Recurrent': 32, 'Dense': 0, 'Dropout': 0.5, 'L2': True}"
355,0.9863714362074673,0.9729286101659818,2.9696889058223803,0.7485534503620415,0.9560264311901578,GRU,24,30,9793,"MM(-1,1)",6177,"{'Recurrent': 32, 'Dense': 0, 'Dropout': 0.5, 'L2': False}"
356,0.7816595122027766,0.6109915930170827,2.5981980226092816,0.5917012119474645,0.9723849411179427,GRU,24,30,9793,"MM(-1,1)",8049,"{'Recurrent': 32, 'Dense': 56, 'Dropout': 0, 'L2': True}"
357,0.8941026812901677,0.7994196046902672,2.6216435946501377,0.6577294938251024,0.963868538115261,GRU,24,30,9793,"MM(-1,1)",8049,"{'Recurrent': 32, 'Dense': 56, 'Dropout': 0, 'L2': False}"
358,0.888103479235817,0.7887277898307632,2.635505761867094,0.6808286607823827,0.9643517773288208,GRU,24,30,9793,"MM(-1,1)",8049,"{'Recurrent': 32, 'Dense': 56, 'Dropout': 0.5, 'L2': True}"
359,0.9779679640072931,0.9564213386245702,2.9319157734981616,0.7665789280111157,0.9567725122832662,GRU,24,30,9793,"MM(-1,1)",8049,"{'Recurrent': 32, 'Dense': 56, 'Dropout': 0.5, 'L2': False}"
360,0.7791468849710153,0.6070698683600364,2.616211023097563,0.5942672629907741,0.9725621917684611,GRU,24,30,9793,"MM(-1,1)",221441,"{'Recurrent': 256, 'Dense': 0, 'Dropout': 0, 'L2': True}"
361,0.8624860872152605,0.74388225063989,2.748958184481765,0.602711366609761,0.9663786664374554,GRU,24,30,9793,"MM(-1,1)",221441,"{'Recurrent': 256, 'Dense': 0, 'Dropout': 0, 'L2': False}"
362,0.8400664664573376,0.7057116680661171,2.705268945460844,0.6480998311707368,0.9681038667468935,GRU,24,30,9793,"MM(-1,1)",221441,"{'Recurrent': 256, 'Dense': 0, 'Dropout': 0.5, 'L2': True}"
363,1.2946226750253695,1.6760478706898436,3.500679544357169,1.037238969457718,0.9242474672856051,GRU,24,30,9793,"MM(-1,1)",221441,"{'Recurrent': 256, 'Dense': 0, 'Dropout': 0.5, 'L2': False}"
364,0.8017186124068832,0.6427527334796183,2.6129685304217816,0.6140974415100433,0.970949429117355,GRU,24,30,9793,"MM(-1,1)",235633,"{'Recurrent': 256, 'Dense': 56, 'Dropout': 0, 'L2': True}"
365,1.0368687778997379,1.0750968625832957,2.8810458920012962,0.8169095511832998,0.9514087206706907,GRU,24,30,9793,"MM(-1,1)",235633,"{'Recurrent': 256, 'Dense': 56, 'Dropout': 0, 'L2': False}"
366,0.8376283076631278,0.7016211817985955,2.697364892726469,0.6253124891679201,0.9682887449357669,GRU,24,30,9793,"MM(-1,1)",235633,"{'Recurrent': 256, 'Dense': 56, 'Dropout': 0.5, 'L2': True}"
367,0.6673569293932555,0.44536527120919467,1.9846301815520775,0.5229502000188729,0.9798707734623094,GRU,24,30,9793,"MM(-1,1)",235633,"{'Recurrent': 256, 'Dense': 56, 'Dropout': 0.5, 'L2': False}"
368,0.8273887898854126,0.6845722096280474,2.5843430421405316,0.6266451500725856,0.9690593093359141,LSTM,24,30,9793,"MM(-1,1)",8097,"{'Recurrent': 32, 'Dense': 0, 'Dropout': 0, 'L2': True}"
369,0.9638221500349338,0.9289531368979623,2.7537418148528587,0.7012974333413048,0.9580139958269576,LSTM,24,30,9793,"MM(-1,1)",8097,"{'Recurrent': 32, 'Dense': 0, 'Dropout': 0, 'L2': False}"
370,0.9569889855157244,0.9158279183984155,2.720863427882719,0.7217445608691587,0.9586072178710041,LSTM,24,30,9793,"MM(-1,1)",8097,"{'Recurrent': 32, 'Dense': 0, 'Dropout': 0.5, 'L2': True}"
371,1.028670925546068,1.0581638730638043,2.911629251388419,0.7837276490611483,0.9521740429893186,LSTM,24,30,9793,"MM(-1,1)",8097,"{'Recurrent': 32, 'Dense': 0, 'Dropout': 0.5, 'L2': False}"
372,0.8859106513069189,0.7848376820990492,2.7292328736835003,0.6782136525165392,0.9645275989854468,LSTM,24,30,9793,"MM(-1,1)",9969,"{'Recurrent': 32, 'Dense': 56, 'Dropout': 0, 'L2': True}"
373,0.8653445782219528,0.7488212390581293,2.855690492736443,0.6160118729268386,0.9661554383970924,LSTM,24,30,9793,"MM(-1,1)",9969,"{'Recurrent': 32, 'Dense': 56, 'Dropout': 0, 'L2': False}"
374,1.0041303546158755,1.0082777690610039,2.655700769191313,0.8093361227134795,0.954428751098527,LSTM,24,30,9793,"MM(-1,1)",9969,"{'Recurrent': 32, 'Dense': 56, 'Dropout': 0.5, 'L2': True}"
375,1.8434198664150174,3.3981968038935606,5.301129727632556,1.5730297514766614,0.846411299427297,LSTM,24,30,9793,"MM(-1,1)",9969,"{'Recurrent': 32, 'Dense': 56, 'Dropout': 0.5, 'L2': False}"
376,0.791761460544635,0.6268862104037737,2.6487656495624066,0.5946069850882536,0.9716665502267132,LSTM,24,30,9793,"MM(-1,1)",294145,"{'Recurrent': 256, 'Dense': 0, 'Dropout': 0, 'L2': True}"
377,0.8583672452164475,0.7367943276604728,2.7053151644743565,0.6142113857225581,0.9666990201258941,LSTM,24,30,9793,"MM(-1,1)",294145,"{'Recurrent': 256, 'Dense': 0, 'Dropout': 0, 'L2': False}"
378,0.8469648606400806,0.7173494751590712,2.690979089503813,0.6484853796090069,0.96757787141111,LSTM,24,30,9793,"MM(-1,1)",294145,"{'Recurrent': 256, 'Dense': 0, 'Dropout': 0.5, 'L2': True}"
379,0.879616541587735,0.7737252602347674,2.7938390292204502,0.6352309641690528,0.9650298484232649,LSTM,24,30,9793,"MM(-1,1)",294145,"{'Recurrent': 256, 'Dense': 0, 'Dropout': 0.5, 'L2': False}"
380,0.8457145841785046,0.7152331578922211,2.6587754151874066,0.6455163743028469,0.9676735228514981,LSTM,24,30,9793,"MM(-1,1)",308337,"{'Recurrent': 256, 'Dense': 56, 'Dropout': 0, 'L2': True}"
381,1.1028966405893132,1.2163809998231927,3.0047612704313877,0.8691772561935958,0.9450230849048785,LSTM,24,30,9793,"MM(-1,1)",308337,"{'Recurrent': 256, 'Dense': 56, 'Dropout': 0, 'L2': False}"
382,0.9186502169738955,0.8439182211461852,2.723518457179594,0.7043260467866463,0.9618573289142763,LSTM,24,30,9793,"MM(-1,1)",308337,"{'Recurrent': 256, 'Dense': 56, 'Dropout': 0.5, 'L2': True}"
383,0.8310663531334496,0.6906712833105315,2.7328415772967816,0.5991560404934209,0.9687836487854373,LSTM,24,30,9793,"MM(-1,1)",308337,"{'Recurrent': 256, 'Dense': 56, 'Dropout': 0.5, 'L2': False}"
384,4.635792166382131,21.490569009889924,8.147027453479701,4.31865180475164,-0.12378766256061047,RNN,24,30,1011,"MM(0,1)",2049,"{'Recurrent': 32, 'Dense': 0, 'Dropout': 0, 'L2': True}"
385,4.03258516080134,16.26174307911517,7.193497733003049,3.6933732537369894,0.14963879106085953,RNN,24,30,1011,"MM(0,1)",2049,"{'Recurrent': 32, 'Dense': 0, 'Dropout': 0, 'L2': False}"
386,2.837428736800311,8.051001836420209,7.881766483034681,2.1786565039002914,0.5789959525567634,RNN,24,30,1011,"MM(0,1)",2049,"{'Recurrent': 32, 'Dense': 0, 'Dropout': 0.5, 'L2': True}"
387,1.8142504321258779,3.2915046304689346,6.061179797140213,1.1442682680098237,0.8278802067418569,RNN,24,30,1011,"MM(0,1)",2049,"{'Recurrent': 32, 'Dense': 0, 'Dropout': 0.5, 'L2': False}"
388,1.4562337835122452,2.120616832242389,5.424369494405838,0.9183071794967292,0.8891084255612007,RNN,24,30,1011,"MM(0,1)",3921,"{'Recurrent': 32, 'Dense': 56, 'Dropout': 0, 'L2': True}"
389,1.8265133162194946,3.336150894327136,6.147253911045084,1.1947027236798984,0.8255455584372828,RNN,24,30,1011,"MM(0,1)",3921,"{'Recurrent': 32, 'Dense': 56, 'Dropout': 0, 'L2': False}"
390,1.4593350235421079,2.1296587109366443,5.1730992002163845,0.9471419617932803,0.8886356064507204,RNN,24,30,1011,"MM(0,1)",3921,"{'Recurrent': 32, 'Dense': 56, 'Dropout': 0.5, 'L2': True}"
391,1.6707058093036342,2.7912579012409116,5.647840622225253,1.159574084235227,0.8540391745329862,RNN,24,30,1011,"MM(0,1)",3921,"{'Recurrent': 32, 'Dense': 56, 'Dropout': 0.5, 'L2': False}"
392,1.3686176970465147,1.8731144006689058,5.237262408224197,0.8721526803287577,0.9020508552813273,RNN,24,30,1011,"MM(0,1)",73729,"{'Recurrent': 256, 'Dense': 0, 'Dropout': 0, 'L2': True}"
393,1.6019945641291702,2.56638658349941,6.195796648946853,1.0439864214838126,0.8657981750706336,RNN,24,30,1011,"MM(0,1)",73729,"{'Recurrent': 256, 'Dense': 0, 'Dropout': 0, 'L2': False}"
394,1.6165327480383382,2.613178125480381,5.6746480485337685,1.0187222163328937,0.8633513456001713,RNN,24,30,1011,"MM(0,1)",73729,"{'Recurrent': 256, 'Dense': 0, 'Dropout': 0.5, 'L2': True}"
395,1.805787662980926,3.2608690837741143,6.923158949802854,1.1391678339736868,0.8294822047808849,RNN,24,30,1011,"MM(0,1)",73729,"{'Recurrent': 256, 'Dense': 0, 'Dropout': 0.5, 'L2': False}"
396,1.4367437852369354,2.064232704416957,5.493095080343338,0.8936354765067742,0.8920568717929083,RNN,24,30,1011,"MM(0,1)",87921,"{'Recurrent': 256, 'Dense': 56, 'Dropout': 0, 'L2': True}"
397,2.372558470812589,5.629033697424571,7.317917510024316,1.7201716397648712,0.7056458291824413,RNN,24,30,1011,"MM(0,1)",87921,"{'Recurrent': 256, 'Dense': 56, 'Dropout': 0, 'L2': False}"
398,1.456199653432609,2.1205174306572503,5.219081561056228,0.9179235238000018,0.8891136234819709,RNN,24,30,1011,"MM(0,1)",87921,"{'Recurrent': 256, 'Dense': 56, 'Dropout': 0.5, 'L2': True}"
399,1.9288933762977862,3.720629657125473,6.508855753272982,1.294985944289991,0.80544034438034,RNN,24,30,1011,"MM(0,1)",87921,"{'Recurrent': 256, 'Dense': 56, 'Dropout': 0.5, 'L2': False}"
400,2.7732711187805323,7.691032698262227,6.805296070334933,2.0339430221112274,0.5978195060968465,GRU,24,30,1011,"MM(0,1)",6177,"{'Recurrent': 32, 'Dense': 0, 'Dropout': 0, 'L2': True}"
401,2.210859595741405,4.887900152081848,6.372878791941972,1.6207429014376036,0.7444012820595927,GRU,24,30,1011,"MM(0,1)",6177,"{'Recurrent': 32, 'Dense': 0, 'Dropout': 0, 'L2': False}"
402,2.8762200200430037,8.272641603696176,7.824830118600076,2.0869038523744403,0.567405936681292,GRU,24,30,1011,"MM(0,1)",6177,"{'Recurrent': 32, 'Dense': 0, 'Dropout': 0.5, 'L2': True}"
403,1.7858382200335738,3.1892181481326833,6.629450148533323,1.0487420866645447,0.8332289849358314,GRU,24,30,1011,"MM(0,1)",6177,"{'Recurrent': 32, 'Dense': 0, 'Dropout': 0.5, 'L2': False}"
404,1.5746884028870505,2.47964356618697,5.50934440512512,1.0574074565211031,0.8703341523462536,GRU,24,30,1011,"MM(0,1)",8049,"{'Recurrent': 32, 'Dense': 56, 'Dropout': 0, 'L2': True}"
405,2.4208958383815613,5.8607366602931625,6.13428352733095,1.8704024576678668,0.6935295873588474,GRU,24,30,1011,"MM(0,1)",8049,"{'Recurrent': 32, 'Dense': 56, 'Dropout': 0, 'L2': False}"
406,1.6524187643738615,2.7304877728548393,5.53104621786926,1.135909715764346,0.8572169740831546,GRU,24,30,1011,"MM(0,1)",8049,"{'Recurrent': 32, 'Dense': 56, 'Dropout': 0.5, 'L2': True}"
407,2.7457057973058023,7.538900325358691,6.749771758071191,2.1177081964378495,0.6057748321594736,GRU,24,30,1011,"MM(0,1)",8049,"{'Recurrent': 32, 'Dense': 56, 'Dropout': 0.5, 'L2': False}"
408,1.4880202994861889,2.2142044116829673,5.194753951023557,0.975286846458147,0.8842145315421157,GRU,24,30,1011,"MM(0,1)",221441,"{'Recurrent': 256, 'Dense': 0, 'Dropout': 0, 'L2': True}"
409,1.6284159663039002,2.6517385593134652,5.957716292332151,0.9889206441889726,0.8613349383200913,GRU,24,30,1011,"MM(0,1)",221441,"{'Recurrent': 256, 'Dense': 0, 'Dropout': 0, 'L2': False}"
410,2.8437912827906913,8.087148860076326,7.549942656508691,1.9719207372401044,0.5771057476392324,GRU,24,30,1011,"MM(0,1)",221441,"{'Recurrent': 256, 'Dense': 0, 'Dropout': 0.5, 'L2': True}"
411,1.8389597397602129,3.3817729244589496,6.813070601414182,1.0795778585504774,0.82315988523433,GRU,24,30,1011,"MM(0,1)",221441,"{'Recurrent': 256, 'Dense': 0, 'Dropout': 0.5, 'L2': False}"
412,1.580166734147313,2.4969269077057845,5.642694777439573,1.029589932520319,0.8694303695772758,GRU,24,30,1011,"MM(0,1)",235633,"{'Recurrent': 256, 'Dense': 56, 'Dropout': 0, 'L2': True}"
413,1.7014645592707487,2.894981646454403,6.23319465536926,1.0309868242563829,0.8486152387995088,GRU,24,30,1011,"MM(0,1)",235633,"{'Recurrent': 256, 'Dense': 56, 'Dropout': 0, 'L2': False}"
414,1.708640498384024,2.919452352718006,5.816973036716917,1.13515270275986,0.8473356134075276,GRU,24,30,1011,"MM(0,1)",235633,"{'Recurrent': 256, 'Dense': 56, 'Dropout': 0.5, 'L2': True}"
415,1.7444895385427677,3.0432437500851584,6.298301460399003,1.0584308953503623,0.8408622973669739,GRU,24,30,1011,"MM(0,1)",235633,"{'Recurrent': 256, 'Dense': 56, 'Dropout': 0.5, 'L2': False}"
416,2.420966524451713,5.861078912515807,6.344299956313378,1.8540324796377856,0.6935116902605847,LSTM,24,30,1011,"MM(0,1)",8097,"{'Recurrent': 32, 'Dense': 0, 'Dropout': 0, 'L2': True}"
417,2.1836726232842896,4.768426125681291,6.411558455418088,1.5494613334745788,0.750648833569448,LSTM,24,30,1011,"MM(0,1)",8097,"{'Recurrent': 32, 'Dense': 0, 'Dropout': 0, 'L2': False}"
418,2.5271349880540726,6.3864112478470565,6.790457233385638,1.8642647405630246,0.6660409426541472,LSTM,24,30,1011,"MM(0,1)",8097,"{'Recurrent': 32, 'Dense': 0, 'Dropout': 0.5, 'L2': True}"
419,2.7079760683603045,7.333134386812132,6.897148772231347,1.9296227886246573,0.6165347716942255,LSTM,24,30,1011,"MM(0,1)",8097,"{'Recurrent': 32, 'Dense': 0, 'Dropout': 0.5, 'L2': False}"
420,1.7921369651148507,3.2117549017310676,6.00821906943176,1.2408160768867682,0.8320504900511042,LSTM,24,30,1011,"MM(0,1)",9969,"{'Recurrent': 32, 'Dense': 56, 'Dropout': 0, 'L2': True}"
421,1.7040426325728109,2.903761293625676,6.161386794041135,1.1691199158386547,0.8481561323343347,LSTM,24,30,1011,"MM(0,1)",9969,"{'Recurrent': 32, 'Dense': 56, 'Dropout': 0, 'L2': False}"
422,1.8453491811729785,3.405313600455782,5.660185164402463,1.291136768647865,0.8219288931074393,LSTM,24,30,1011,"MM(0,1)",9969,"{'Recurrent': 32, 'Dense': 56, 'Dropout': 0.5, 'L2': True}"
423,2.591545730488237,6.716109273211809,6.683938089791482,1.9657056141030718,0.6488003301275549,LSTM,24,30,1011,"MM(0,1)",9969,"{'Recurrent': 32, 'Dense': 56, 'Dropout': 0.5, 'L2': False}"
424,1.7551991801982987,3.0807241621687798,6.111402815769651,1.1596313165870287,0.8389023667263344,LSTM,24,30,1011,"MM(0,1)",294145,"{'Recurrent': 256, 'Dense': 0, 'Dropout': 0, 'L2': True}"
425,1.5452265972027923,2.387725236702921,5.641866988132932,0.9930931810844184,0.8751407577269589,LSTM,24,30,1011,"MM(0,1)",294145,"{'Recurrent': 256, 'Dense': 0, 'Dropout': 0, 'L2': False}"
426,2.3091954497829406,5.332383625298237,6.272917097996213,1.715763080426438,0.7211582937895847,LSTM,24,30,1011,"MM(0,1)",294145,"{'Recurrent': 256, 'Dense': 0, 'Dropout': 0.5, 'L2': True}"
427,2.018290488012587,4.073496494002087,6.193449324558713,1.4465707504347871,0.7869881853134378,LSTM,24,30,1011,"MM(0,1)",294145,"{'Recurrent': 256, 'Dense': 0, 'Dropout': 0.5, 'L2': False}"
428,1.808686246474811,3.271345938187141,6.239652937839963,1.2087151625524586,0.8289343477312933,LSTM,24,30,1011,"MM(0,1)",308337,"{'Recurrent': 256, 'Dense': 56, 'Dropout': 0, 'L2': True}"
429,1.6295703328849611,2.655499469818803,6.002517463816972,0.9880599014929858,0.8611382722930565,LSTM,24,30,1011,"MM(0,1)",308337,"{'Recurrent': 256, 'Dense': 56, 'Dropout': 0, 'L2': False}"
430,1.9136955596989567,3.662230695211503,6.164171523045042,1.3039070849474839,0.8084941505813328,LSTM,24,30,1011,"MM(0,1)",308337,"{'Recurrent': 256, 'Dense': 56, 'Dropout': 0.5, 'L2': True}"
431,1.8674699362573184,3.487443962824913,6.622022932957151,1.1046049953683617,0.8176341213910838,LSTM,24,30,1011,"MM(0,1)",308337,"{'Recurrent': 256, 'Dense': 56, 'Dropout': 0.5, 'L2': False}"
432,0.8849930431400647,0.7832126864063124,2.5010255782450628,0.6491710913382303,0.7987323346949646,RNN,24,30,9486,"MM(0,1)",2049,"{'Recurrent': 32, 'Dense': 0, 'Dropout': 0, 'L2': True}"
433,1.0676246772309,1.1398224514323831,3.102577607155297,0.7291721948557515,0.7070918185522781,RNN,24,30,9486,"MM(0,1)",2049,"{'Recurrent': 32, 'Dense': 0, 'Dropout': 0, 'L2': False}"
434,2.053860235590799,4.218341867341094,5.829959387592069,1.3118162158574054,-0.08401693924780962,RNN,24,30,9486,"MM(0,1)",2049,"{'Recurrent': 32, 'Dense': 0, 'Dropout': 0.5, 'L2': True}"
435,1.9205458508092068,3.68849636506046,4.9496676848284125,1.4295070865734127,0.05214118110351773,RNN,24,30,9486,"MM(0,1)",2049,"{'Recurrent': 32, 'Dense': 0, 'Dropout': 0.5, 'L2': False}"
436,0.9634883935843059,0.9283098845716665,2.480311772092719,0.7200568427620142,0.7614456885209356,RNN,24,30,9486,"MM(0,1)",3921,"{'Recurrent': 32, 'Dense': 56, 'Dropout': 0, 'L2': True}"
437,0.7718707490744263,0.595784453276716,2.07726904188209,0.571739893143516,0.8468970842565822,RNN,24,30,9486,"MM(0,1)",3921,"{'Recurrent': 32, 'Dense': 56, 'Dropout': 0, 'L2': False}"
438,0.9471013176989814,0.8970009059871469,2.4646915597920156,0.677633782303602,0.7694913766617972,RNN,24,30,9486,"MM(0,1)",3921,"{'Recurrent': 32, 'Dense': 56, 'Dropout': 0.5, 'L2': True}"
439,0.9902525233469434,0.9806000599949886,2.6767810983662343,0.7229581231408276,0.74800831485666,RNN,24,30,9486,"MM(0,1)",3921,"{'Recurrent': 32, 'Dense': 56, 'Dropout': 0.5, 'L2': False}"
440,0.8232955305272807,0.6778155305861965,2.334684813366465,0.5938474987474938,0.82581698213478,RNN,24,30,9486,"MM(0,1)",73729,"{'Recurrent': 256, 'Dense': 0, 'Dropout': 0, 'L2': True}"
441,1.0714327354089093,1.1479681065058176,3.488930146217797,0.7198633889011636,0.7049985723530461,RNN,24,30,9486,"MM(0,1)",73729,"{'Recurrent': 256, 'Dense': 0, 'Dropout': 0, 'L2': False}"
442,0.7787936588182061,0.6065195630154484,2.278071781858344,0.5378304962360702,0.8441384077037012,RNN,24,30,9486,"MM(0,1)",73729,"{'Recurrent': 256, 'Dense': 0, 'Dropout': 0.5, 'L2': True}"
443,0.9270523548015709,0.8594260685431376,2.684151093483422,0.6396213614465895,0.7791472465651209,RNN,24,30,9486,"MM(0,1)",73729,"{'Recurrent': 256, 'Dense': 0, 'Dropout': 0.5, 'L2': False}"
444,0.8994792267538638,0.8090628793617287,2.4161180465067815,0.6603303139969765,0.7920894290396773,RNN,24,30,9486,"MM(0,1)",87921,"{'Recurrent': 256, 'Dense': 56, 'Dropout': 0, 'L2': True}"
445,1.2347902485794593,1.524706957986923,3.8653033772930883,0.8249695036613941,0.6081853434774784,RNN,24,30,9486,"MM(0,1)",87921,"{'Recurrent': 256, 'Dense': 56, 'Dropout': 0, 'L2': False}"
446,0.8254812664901191,0.681419321326131,2.4614185495381093,0.5440304030321135,0.8248908907153438,RNN,24,30,9486,"MM(0,1)",87921,"{'Recurrent': 256, 'Dense': 56, 'Dropout': 0.5, 'L2': True}"
447,0.7544047571467567,0.5691265376056569,1.9620441598896718,0.592509509859124,0.8537475560915457,RNN,24,30,9486,"MM(0,1)",87921,"{'Recurrent': 256, 'Dense': 56, 'Dropout': 0.5, 'L2': False}"
448,0.6948812892208606,0.48286000610924523,2.0645173995341253,0.43359901596318023,0.8759160726255575,GRU,24,30,9486,"MM(0,1)",6177,"{'Recurrent': 32, 'Dense': 0, 'Dropout': 0, 'L2': True}"
449,0.8191244163419983,0.6709648094476193,1.9712604085430883,0.5721669528636726,0.827577460065167,GRU,24,30,9486,"MM(0,1)",6177,"{'Recurrent': 32, 'Dense': 0, 'Dropout': 0, 'L2': False}"
450,1.2653694158379865,1.6011597585381672,3.0266956491474843,1.0395171076785057,0.5885387303160086,GRU,24,30,9486,"MM(0,1)",6177,"{'Recurrent': 32, 'Dense': 0, 'Dropout': 0.5, 'L2': True}"
451,1.2332254876204587,1.520845103316718,3.6406864328388906,0.8571184751008166,0.6091777513977152,GRU,24,30,9486,"MM(0,1)",6177,"{'Recurrent': 32, 'Dense': 0, 'Dropout': 0.5, 'L2': False}"
452,1.0535860200566958,1.1100435016589083,3.2810596628193593,0.6801882322688549,0.7147443244426563,GRU,24,30,9486,"MM(0,1)",8049,"{'Recurrent': 32, 'Dense': 56, 'Dropout': 0, 'L2': True}"
453,1.2351317997576214,1.5255505627725012,4.954567353249047,0.7524452506514209,0.6079685564302557,GRU,24,30,9486,"MM(0,1)",8049,"{'Recurrent': 32, 'Dense': 56, 'Dropout': 0, 'L2': False}"
454,1.0206216118102407,1.0416684744941336,3.087662140846703,0.6740891376798241,0.732315135438794,GRU,24,30,9486,"MM(0,1)",8049,"{'Recurrent': 32, 'Dense': 56, 'Dropout': 0.5, 'L2': True}"
455,0.8316547072036076,0.6916495520139182,2.4433368245587133,0.5619571317360251,0.8222619564784504,GRU,24,30,9486,"MM(0,1)",8049,"{'Recurrent': 32, 'Dense': 56, 'Dropout': 0.5, 'L2': False}"
456,0.8419457485497341,0.7088726435009722,2.325038334592719,0.560259116402585,0.8178360176841749,GRU,24,30,9486,"MM(0,1)",221441,"{'Recurrent': 256, 'Dense': 0, 'Dropout': 0, 'L2': True}"
457,0.9213522927652065,0.8488900473837028,3.0413211984638906,0.5826477038253767,0.7818547619273832,GRU,24,30,9486,"MM(0,1)",221441,"{'Recurrent': 256, 'Dense': 0, 'Dropout': 0, 'L2': False}"
458,0.990563293234473,0.9812156379035246,2.8293079538349843,0.6638513545294172,0.7478501254776895,GRU,24,30,9486,"MM(0,1)",221441,"{'Recurrent': 256, 'Dense': 0, 'Dropout': 0.5, 'L2': True}"
459,1.0086126988494641,1.0172995762803998,2.8944706125263906,0.694072843938183,0.7385773823797096,GRU,24,30,9486,"MM(0,1)",221441,"{'Recurrent': 256, 'Dense': 0, 'Dropout': 0.5, 'L2': False}"
460,1.1004327646405043,1.2109522694943435,2.8040775461201406,0.7927468052355526,0.6888130895896629,GRU,24,30,9486,"MM(0,1)",235633,"{'Recurrent': 256, 'Dense': 56, 'Dropout': 0, 'L2': True}"
461,1.1276870477596634,1.2716780776849053,3.7639393014912343,0.7075596006285524,0.6732079521213774,GRU,24,30,9486,"MM(0,1)",235633,"{'Recurrent': 256, 'Dense': 56, 'Dropout': 0, 'L2': False}"
462,1.0299292880409059,1.0607543383644473,2.812965790749047,0.7101170702796148,0.727410506941095,GRU,24,30,9486,"MM(0,1)",235633,"{'Recurrent': 256, 'Dense': 56, 'Dropout': 0.5, 'L2': True}"
463,1.016718000972943,1.0337154935024173,3.266731659889672,0.6489743381373365,0.7343588688259057,GRU,24,30,9486,"MM(0,1)",235633,"{'Recurrent': 256, 'Dense': 56, 'Dropout': 0.5, 'L2': False}"
464,0.8754928268100242,0.766487689795807,3.0154651803974843,0.5479946506511933,0.8030302745501993,LSTM,24,30,9486,"MM(0,1)",8097,"{'Recurrent': 32, 'Dense': 0, 'Dropout': 0, 'L2': True}"
465,1.1836205985640158,1.4009577213450388,3.972244660377953,0.7366862505816327,0.6399860540309223,LSTM,24,30,9486,"MM(0,1)",8097,"{'Recurrent': 32, 'Dense': 0, 'Dropout': 0, 'L2': False}"
466,0.9408427819145336,0.8851851402806786,2.508827607155297,0.6474742388774758,0.7725277569692256,LSTM,24,30,9486,"MM(0,1)",8097,"{'Recurrent': 32, 'Dense': 0, 'Dropout': 0.5, 'L2': True}"
467,1.370727159486902,1.878892945755031,2.7973054854716253,1.2230048084029954,0.5171676824013614,LSTM,24,30,9486,"MM(0,1)",8097,"{'Recurrent': 32, 'Dense': 0, 'Dropout': 0.5, 'L2': False}"
468,1.125861633013223,1.2675644166912012,3.304146210670922,0.7322448301445097,0.674265068481249,LSTM,24,30,9486,"MM(0,1)",9969,"{'Recurrent': 32, 'Dense': 56, 'Dropout': 0, 'L2': True}"
469,1.280005600444407,1.6384143371690465,4.593391816139672,0.791943864107452,0.5789651595693901,LSTM,24,30,9486,"MM(0,1)",9969,"{'Recurrent': 32, 'Dense': 56, 'Dropout': 0, 'L2': False}"
470,1.1336962506683024,1.2852671887793663,3.259376923561547,0.7476085290451714,0.6697158627936337,LSTM,24,30,9486,"MM(0,1)",9969,"{'Recurrent': 32, 'Dense': 56, 'Dropout': 0.5, 'L2': True}"
471,0.8604977121301134,0.7404563125811594,2.3805574385966253,0.5867724470158409,0.809719740397218,LSTM,24,30,9486,"MM(0,1)",9969,"{'Recurrent': 32, 'Dense': 56, 'Dropout': 0.5, 'L2': False}"
472,0.9038241208466707,0.8168980414242574,2.854019562721703,0.571448555984427,0.790075972410358,LSTM,24,30,9486,"MM(0,1)",294145,"{'Recurrent': 256, 'Dense': 0, 'Dropout': 0, 'L2': True}"
473,1.085963678966822,1.179317112035155,3.2053455514912343,0.7243058764749943,0.6969425982070259,LSTM,24,30,9486,"MM(0,1)",294145,"{'Recurrent': 256, 'Dense': 0, 'Dropout': 0, 'L2': False}"
474,0.9298626932056642,0.8646446282156912,2.708420197487328,0.6162765230926195,0.7778061966309463,LSTM,24,30,9486,"MM(0,1)",294145,"{'Recurrent': 256, 'Dense': 0, 'Dropout': 0.5, 'L2': True}"
475,1.0062510978629815,1.0125412719504554,3.177071015358422,0.6479563766436641,0.7398001572656643,LSTM,24,30,9486,"MM(0,1)",294145,"{'Recurrent': 256, 'Dense': 0, 'Dropout': 0.5, 'L2': False}"
476,1.1286076056383136,1.273755127504647,3.1152271432881093,0.779705590815269,0.6726741980400182,LSTM,24,30,9486,"MM(0,1)",308337,"{'Recurrent': 256, 'Dense': 56, 'Dropout': 0, 'L2': True}"
477,0.7571502037730065,0.5732764310735052,2.334396759987328,0.4836291074065328,0.8526811288182965,LSTM,24,30,9486,"MM(0,1)",308337,"{'Recurrent': 256, 'Dense': 56, 'Dropout': 0, 'L2': False}"
478,0.9273226610096359,0.8599273176219921,2.5715336008076406,0.6279787832146454,0.7790184370685584,LSTM,24,30,9486,"MM(0,1)",308337,"{'Recurrent': 256, 'Dense': 56, 'Dropout': 0.5, 'L2': True}"
479,1.2075678682125082,1.4582201563393016,3.5984195871357656,0.8049884103988989,0.6252709238995935,LSTM,24,30,9486,"MM(0,1)",308337,"{'Recurrent': 256, 'Dense': 56, 'Dropout': 0.5, 'L2': False}"
480,3.461489818562909,11.98191176401468,5.331727462157829,3.3842077613391774,-6.996449861427256,RNN,24,30,9526,"MM(0,1)",2049,"{'Recurrent': 32, 'Dense': 0, 'Dropout': 0, 'L2': True}"
481,0.9241232725888413,0.85400382294031,2.471899804489013,0.7034481330920904,0.43005766641355636,RNN,24,30,9526,"MM(0,1)",2049,"{'Recurrent': 32, 'Dense': 0, 'Dropout': 0, 'L2': False}"
482,1.270777520831051,1.614875507449512,2.755215124682053,1.086205711753459,-0.07773043918996247,RNN,24,30,9526,"MM(0,1)",2049,"{'Recurrent': 32, 'Dense': 0, 'Dropout': 0.5, 'L2': True}"
483,1.6037453879758814,2.57199926945391,3.538937048510178,1.3849409768865228,-0.7164926271268546,RNN,24,30,9526,"MM(0,1)",2049,"{'Recurrent': 32, 'Dense': 0, 'Dropout': 0.5, 'L2': False}"
484,1.0607807362759154,1.1252557704540733,2.0849775842281417,0.8955530213366145,0.24903041126195113,RNN,24,30,9526,"MM(0,1)",3921,"{'Recurrent': 32, 'Dense': 56, 'Dropout': 0, 'L2': True}"
485,1.1263084341130025,1.268570688754084,2.5628441699349622,0.8864479780705252,0.15338536052619145,RNN,24,30,9526,"MM(0,1)",3921,"{'Recurrent': 32, 'Dense': 56, 'Dropout': 0, 'L2': False}"
486,1.252985428266108,1.5699724834472017,2.391598181322678,1.0766129953673484,-0.04776320298152048,RNN,24,30,9526,"MM(0,1)",3921,"{'Recurrent': 32, 'Dense': 56, 'Dropout': 0.5, 'L2': True}"
487,4.75329897634277,22.593851158501224,6.453753467131705,4.703126561693181,-14.078611954739461,RNN,24,30,9526,"MM(0,1)",3921,"{'Recurrent': 32, 'Dense': 56, 'Dropout': 0.5, 'L2': False}"
488,1.0027427850140547,1.0054930928977428,2.2480787805172042,0.7875509208543271,0.3289572430740222,RNN,24,30,9526,"MM(0,1)",73729,"{'Recurrent': 256, 'Dense': 0, 'Dropout': 0, 'L2': True}"
489,0.9881528271005231,0.9764460097067562,2.4519690838118606,0.7625150758122246,0.34834259233481524,RNN,24,30,9526,"MM(0,1)",73729,"{'Recurrent': 256, 'Dense': 0, 'Dropout': 0, 'L2': False}"
490,0.9578349757351373,0.9174478407415311,2.1512183513899856,0.7564969391035874,0.3877166012023586,RNN,24,30,9526,"MM(0,1)",73729,"{'Recurrent': 256, 'Dense': 0, 'Dropout': 0.5, 'L2': True}"
491,1.046378431159813,1.0949078211964713,2.550297216967209,0.828009909036863,0.26928392834796244,RNN,24,30,9526,"MM(0,1)",73729,"{'Recurrent': 256, 'Dense': 0, 'Dropout': 0.5, 'L2': False}"
492,0.9461186974569852,0.8951405896777022,2.1250013879390792,0.7460046942265507,0.4026039429046989,RNN,24,30,9526,"MM(0,1)",87921,"{'Recurrent': 256, 'Dense': 56, 'Dropout': 0, 'L2': True}"
493,1.3185060969108835,1.7384583275911722,2.5042919679437716,1.1130627392213257,-0.16020674551400882,RNN,24,30,9526,"MM(0,1)",87921,"{'Recurrent': 256, 'Dense': 56, 'Dropout': 0, 'L2': False}"
494,1.2562622572974933,1.5781948591101933,2.451389746264084,1.0758775209468516,-0.053250625692176534,RNN,24,30,9526,"MM(0,1)",87921,"{'Recurrent': 256, 'Dense': 56, 'Dropout': 0.5, 'L2': True}"
495,1.1372339246735983,1.2933009994285154,2.4947399659906466,0.9213667250704773,0.13688092506877747,RNN,24,30,9526,"MM(0,1)",87921,"{'Recurrent': 256, 'Dense': 56, 'Dropout': 0.5, 'L2': False}"
496,0.8531127027646508,0.7278012836184073,2.1285261682125167,0.6612837460920659,0.5142823125258109,GRU,24,30,9526,"MM(0,1)",6177,"{'Recurrent': 32, 'Dense': 0, 'Dropout': 0, 'L2': True}"
497,0.9655052305273868,0.9322003501757423,2.3274120851312716,0.7692239554641958,0.3778711187497841,GRU,24,30,9526,"MM(0,1)",6177,"{'Recurrent': 32, 'Dense': 0, 'Dropout': 0, 'L2': False}"
498,1.34136566206194,1.7992618393588669,2.806512313232048,1.1692877173938647,-0.20078559827349207,GRU,24,30,9526,"MM(0,1)",6177,"{'Recurrent': 32, 'Dense': 0, 'Dropout': 0.5, 'L2': True}"
499,1.6227926725681594,2.633456058140909,3.146325545653923,1.4690519691028492,-0.7575074617424666,GRU,24,30,9526,"MM(0,1)",6177,"{'Recurrent': 32, 'Dense': 0, 'Dropout': 0.5, 'L2': False}"
500,0.9753294499945053,0.9512675360265842,2.094537215575798,0.7895612108911003,0.3651461213822784,GRU,24,30,9526,"MM(0,1)",8049,"{'Recurrent': 32, 'Dense': 56, 'Dropout': 0, 'L2': True}"
501,0.956917696398601,0.9156914776808052,2.045307096507173,0.7239955726934205,0.38888875715127313,GRU,24,30,9526,"MM(0,1)",8049,"{'Recurrent': 32, 'Dense': 56, 'Dropout': 0, 'L2': False}"
502,1.3191991777052403,1.7402864704581824,2.508233504638298,1.1493145436542094,-0.16142680563992928,GRU,24,30,9526,"MM(0,1)",8049,"{'Recurrent': 32, 'Dense': 56, 'Dropout': 0.5, 'L2': True}"
503,0.9131230063565231,0.8337936247375749,2.1493518918913566,0.7019150467633942,0.44354548370019686,GRU,24,30,9526,"MM(0,1)",8049,"{'Recurrent': 32, 'Dense': 56, 'Dropout': 0.5, 'L2': False}"
504,0.9062972111223764,0.8213746348881973,2.183007674560173,0.683623945456803,0.4518336293330477,GRU,24,30,9526,"MM(0,1)",221441,"{'Recurrent': 256, 'Dense': 0, 'Dropout': 0, 'L2': True}"
505,0.8997763016659707,0.8095973930396919,2.140222030028923,0.6867739642291852,0.45969348724239356,GRU,24,30,9526,"MM(0,1)",221441,"{'Recurrent': 256, 'Dense': 0, 'Dropout': 0, 'L2': False}"
506,0.9903432118910606,0.980779677338702,2.343835311278923,0.7452600511921318,0.3454504031234892,GRU,24,30,9526,"MM(0,1)",221441,"{'Recurrent': 256, 'Dense': 0, 'Dropout': 0.5, 'L2': True}"
507,0.8582273146232319,0.7365541235654038,2.0658278039547042,0.6617054774882,0.5084408702618592,GRU,24,30,9526,"MM(0,1)",221441,"{'Recurrent': 256, 'Dense': 0, 'Dropout': 0.5, 'L2': False}"
508,1.01853403635344,1.037411583210431,2.3080839685054855,0.8102321016992058,0.3076555833335115,GRU,24,30,9526,"MM(0,1)",235633,"{'Recurrent': 256, 'Dense': 56, 'Dropout': 0, 'L2': True}"
509,0.9048977182018745,0.8188398804069591,2.1129622033687667,0.7274281794239436,0.4535252656528146,GRU,24,30,9526,"MM(0,1)",235633,"{'Recurrent': 256, 'Dense': 56, 'Dropout': 0, 'L2': False}"
510,1.22735855597325,1.5064090249207416,2.6347136071773605,1.0054809158107119,-0.005342425802016049,GRU,24,30,9526,"MM(0,1)",235633,"{'Recurrent': 256, 'Dense': 56, 'Dropout': 0.5, 'L2': True}"
511,1.1000136270280483,1.2100299796474023,2.3893932863031466,0.894995363683671,0.19245407129986614,GRU,24,30,9526,"MM(0,1)",235633,"{'Recurrent': 256, 'Dense': 56, 'Dropout': 0.5, 'L2': False}"
512,0.808125052393256,0.6530661003056029,1.9657148889156417,0.6140232875467937,0.5641588395788842,LSTM,24,30,9526,"MM(0,1)",8097,"{'Recurrent': 32, 'Dense': 0, 'Dropout': 0, 'L2': True}"
513,0.8592753557398046,0.7383541369817678,2.1161284020992355,0.6664401583959126,0.5072395830785335,LSTM,24,30,9526,"MM(0,1)",8097,"{'Recurrent': 32, 'Dense': 0, 'Dropout': 0, 'L2': False}"
514,2.8517608291376733,8.13253982660399,4.015550093993767,2.7662479758777514,-4.427468358163702,LSTM,24,30,9526,"MM(0,1)",8097,"{'Recurrent': 32, 'Dense': 0, 'Dropout': 0.5, 'L2': True}"
515,3.4552013214101973,11.938416171474774,4.5246977380367355,3.3832476020374194,-6.967421912316246,LSTM,24,30,9526,"MM(0,1)",8097,"{'Recurrent': 32, 'Dense': 0, 'Dropout': 0.5, 'L2': False}"
516,0.9892674669926327,0.9786501212500196,2.1015944055172042,0.807795120704666,0.346871619439018,LSTM,24,30,9526,"MM(0,1)",9969,"{'Recurrent': 32, 'Dense': 56, 'Dropout': 0, 'L2': True}"
517,0.8138509627878402,0.6623533896306945,1.9273848107906417,0.6317054486874554,0.5579607182023185,LSTM,24,30,9526,"MM(0,1)",9969,"{'Recurrent': 32, 'Dense': 56, 'Dropout': 0, 'L2': False}"
518,1.463021629417658,2.1404322881438986,2.6484770349117355,1.3112985969104662,-0.4284748386586208,LSTM,24,30,9526,"MM(0,1)",9969,"{'Recurrent': 32, 'Dense': 56, 'Dropout': 0.5, 'L2': True}"
519,4.485247108136776,20.117441621049316,5.603640552092642,4.436049306444158,-12.425913696514318,LSTM,24,30,9526,"MM(0,1)",9969,"{'Recurrent': 32, 'Dense': 56, 'Dropout': 0.5, 'L2': False}"
520,0.8756183569417442,0.7667075070133598,2.0967192224117355,0.6563766885906184,0.4883172018821499,LSTM,24,30,9526,"MM(0,1)",294145,"{'Recurrent': 256, 'Dense': 0, 'Dropout': 0, 'L2': True}"
521,3.7080631196472105,13.749732099287803,4.941819625243767,3.644858777574529,-8.176252129499252,LSTM,24,30,9526,"MM(0,1)",294145,"{'Recurrent': 256, 'Dense': 0, 'Dropout': 0, 'L2': False}"
522,1.0960315076291045,1.201285065715728,2.584435897216423,0.8066664626717731,0.1982902239251212,LSTM,24,30,9526,"MM(0,1)",294145,"{'Recurrent': 256, 'Dense': 0, 'Dropout': 0.5, 'L2': True}"
523,1.1784602066291148,1.3887684586083358,2.721185164794548,0.8769448903323578,0.07316815821115374,LSTM,24,30,9526,"MM(0,1)",294145,"{'Recurrent': 256, 'Dense': 0, 'Dropout': 0.5, 'L2': False}"
524,0.9651240036020301,0.9314643423288114,2.2958693078609542,0.7182318561180203,0.3783623133071732,LSTM,24,30,9526,"MM(0,1)",308337,"{'Recurrent': 256, 'Dense': 56, 'Dropout': 0, 'L2': True}"
525,0.9311887150130456,0.867112422967647,2.1819014123531417,0.726379664194743,0.42130929095089287,LSTM,24,30,9526,"MM(0,1)",308337,"{'Recurrent': 256, 'Dense': 56, 'Dropout': 0, 'L2': False}"
526,1.7504870419024945,3.0642048838685456,3.2174696496578292,1.5956003547229662,-1.0449792321609799,LSTM,24,30,9526,"MM(0,1)",308337,"{'Recurrent': 256, 'Dense': 56, 'Dropout': 0.5, 'L2': True}"
527,1.1574875344239424,1.3397773923468173,2.6003126672359542,0.9379375925991077,0.10586365895709071,LSTM,24,30,9526,"MM(0,1)",308337,"{'Recurrent': 256, 'Dense': 56, 'Dropout': 0.5, 'L2': False}"
528,0.8519028021283318,0.7257383842741036,2.39242702736901,0.6584636305871944,0.8284034405510253,RNN,24,30,9636,"MM(0,1)",2049,"{'Recurrent': 32, 'Dense': 0, 'Dropout': 0, 'L2': True}"
529,1.024517220718903,1.0496355355495857,3.3615356089119786,0.8283642055270826,0.7518198699716787,RNN,24,30,9636,"MM(0,1)",2049,"{'Recurrent': 32, 'Dense': 0, 'Dropout': 0, 'L2': False}"
530,3.8858388382924858,15.099743477182294,11.067964214492875,3.4289429889311647,-2.5702452638469815,RNN,24,30,9636,"MM(0,1)",2049,"{'Recurrent': 32, 'Dense': 0, 'Dropout': 0.5, 'L2': True}"
531,1.1345502753532366,1.287204327304105,4.33914333596276,0.8353281377007341,0.6956481307046419,RNN,24,30,9636,"MM(0,1)",2049,"{'Recurrent': 32, 'Dense': 0, 'Dropout': 0.5, 'L2': False}"
532,1.0425323518143452,1.0868737045795496,3.741189617324906,0.7627031581352839,0.7430151245920988,RNN,24,30,9636,"MM(0,1)",3921,"{'Recurrent': 32, 'Dense': 56, 'Dropout': 0, 'L2': True}"
533,1.1618543706866433,1.3499055786836562,3.7928101007233437,0.8507537479246736,0.6808227897236245,RNN,24,30,9636,"MM(0,1)",3921,"{'Recurrent': 32, 'Dense': 56, 'Dropout': 0, 'L2': False}"
534,1.065023728463387,1.1342755421900543,3.7045914117585,0.7545881631460449,0.7318072397374795,RNN,24,30,9636,"MM(0,1)",3921,"{'Recurrent': 32, 'Dense': 56, 'Dropout': 0.5, 'L2': True}"
535,1.0229124700442493,1.0463499213720275,3.305024761367875,0.7329237113055781,0.7525967340603953,RNN,24,30,9636,"MM(0,1)",3921,"{'Recurrent': 32, 'Dense': 56, 'Dropout': 0.5, 'L2': False}"
536,1.8701528248668435,3.4974715883574348,5.383485376978385,1.5213213379847175,0.1730434763582731,RNN,24,30,9636,"MM(0,1)",73729,"{'Recurrent': 256, 'Dense': 0, 'Dropout': 0, 'L2': True}"
537,0.9648892449621661,0.9310112550436589,3.1211112904198615,0.7290319604947857,0.7798678812702502,RNN,24,30,9636,"MM(0,1)",73729,"{'Recurrent': 256, 'Dense': 0, 'Dropout': 0, 'L2': False}"
538,0.818980126260182,0.6707284472091437,2.6220946909432286,0.6218410619160829,0.8414102156374682,RNN,24,30,9636,"MM(0,1)",73729,"{'Recurrent': 256, 'Dense': 0, 'Dropout': 0.5, 'L2': True}"
539,0.8679138835082245,0.753274509186328,2.5266593861229865,0.6691234994022286,0.8218926862656212,RNN,24,30,9636,"MM(0,1)",73729,"{'Recurrent': 256, 'Dense': 0, 'Dropout': 0.5, 'L2': False}"
540,0.8561991287539534,0.733076948079029,2.781739771509635,0.6520145737920097,0.8266682804334005,RNN,24,30,9636,"MM(0,1)",87921,"{'Recurrent': 256, 'Dense': 56, 'Dropout': 0, 'L2': True}"
541,0.9506572655093668,0.9037492364657467,2.2549003529198615,0.7729694744113942,0.7863138247300038,RNN,24,30,9636,"MM(0,1)",87921,"{'Recurrent': 256, 'Dense': 56, 'Dropout': 0, 'L2': False}"
542,0.937778499125301,0.879428513421702,3.3101974131111973,0.6887935524629379,0.7920643162130245,RNN,24,30,9636,"MM(0,1)",87921,"{'Recurrent': 256, 'Dense': 56, 'Dropout': 0.5, 'L2': True}"
543,1.284108730412649,1.6489352315219854,4.537728846216666,0.96898642013478,0.6101189924432833,RNN,24,30,9636,"MM(0,1)",87921,"{'Recurrent': 256, 'Dense': 56, 'Dropout': 0.5, 'L2': False}"
544,0.8114818889207038,0.6585028560463134,2.465272486353385,0.637964120450724,0.8443008845427237,GRU,24,30,9636,"MM(0,1)",6177,"{'Recurrent': 32, 'Dense': 0, 'Dropout': 0, 'L2': True}"
545,0.9847437414254806,0.9697202362766537,4.07467800393151,0.7525621006133204,0.7707153710223589,GRU,24,30,9636,"MM(0,1)",6177,"{'Recurrent': 32, 'Dense': 0, 'Dropout': 0, 'L2': False}"
546,0.9734147466471383,0.9475362689901125,3.2977843882088536,0.7323342619749074,0.7759606392123646,GRU,24,30,9636,"MM(0,1)",6177,"{'Recurrent': 32, 'Dense': 0, 'Dropout': 0.5, 'L2': True}"
547,0.8833338073636032,0.7802786152314793,2.5758678697873734,0.6745881814781985,0.8155077247026772,GRU,24,30,9636,"MM(0,1)",6177,"{'Recurrent': 32, 'Dense': 0, 'Dropout': 0.5, 'L2': False}"
548,0.9662074694960242,0.9335568741099106,3.43402256410225,0.7000157671519927,0.7792659846599814,GRU,24,30,9636,"MM(0,1)",8049,"{'Recurrent': 32, 'Dense': 56, 'Dropout': 0, 'L2': True}"
549,0.857766629017834,0.7357635898566184,2.27249294533776,0.6949427344446684,0.8260330398350031,GRU,24,30,9636,"MM(0,1)",8049,"{'Recurrent': 32, 'Dense': 56, 'Dropout': 0, 'L2': False}"
550,0.9607242918930888,0.9229911650334769,3.39376980080651,0.6942377215513573,0.7817641842384264,GRU,24,30,9636,"MM(0,1)",8049,"{'Recurrent': 32, 'Dense': 56, 'Dropout': 0.5, 'L2': True}"
551,0.8958438519967786,0.8025362071604263,3.356423914576041,0.6718027391533591,0.8102450484003252,GRU,24,30,9636,"MM(0,1)",8049,"{'Recurrent': 32, 'Dense': 56, 'Dropout': 0.5, 'L2': False}"
552,0.7768111476768595,0.6034355591550398,2.545877039576041,0.6008246629970283,0.8573212220217027,GRU,24,30,9636,"MM(0,1)",221441,"{'Recurrent': 256, 'Dense': 0, 'Dropout': 0, 'L2': True}"
553,0.8118531455343808,0.6591055299140686,2.7313399912361973,0.6299255196951754,0.8441583858621833,GRU,24,30,9636,"MM(0,1)",221441,"{'Recurrent': 256, 'Dense': 0, 'Dropout': 0, 'L2': False}"
554,0.7709342875875098,0.5943396757780613,2.50705105080651,0.5947867670173631,0.8594718899847866,GRU,24,30,9636,"MM(0,1)",221441,"{'Recurrent': 256, 'Dense': 0, 'Dropout': 0.5, 'L2': True}"
555,0.8620223857488318,0.7430825935321078,2.8444762827401036,0.6515271076971939,0.8243025045945878,GRU,24,30,9636,"MM(0,1)",221441,"{'Recurrent': 256, 'Dense': 0, 'Dropout': 0.5, 'L2': False}"
556,0.8267671565795601,0.6835439311986509,2.64560085549401,0.6383800977259941,0.8383800700534333,GRU,24,30,9636,"MM(0,1)",235633,"{'Recurrent': 256, 'Dense': 56, 'Dropout': 0, 'L2': True}"
557,0.8472406663541113,0.7178167467241585,2.6697631479744786,0.6613831748310857,0.8302764650158013,GRU,24,30,9636,"MM(0,1)",235633,"{'Recurrent': 256, 'Dense': 56, 'Dropout': 0, 'L2': False}"
558,0.8397601511413779,0.70519711144499,2.858399927759635,0.6385366976500285,0.8332603033276913,GRU,24,30,9636,"MM(0,1)",235633,"{'Recurrent': 256, 'Dense': 56, 'Dropout': 0.5, 'L2': True}"
559,0.84727594177078,0.7178765215035622,2.8992248178963536,0.6356371534549693,0.8302623316218541,GRU,24,30,9636,"MM(0,1)",235633,"{'Recurrent': 256, 'Dense': 56, 'Dropout': 0.5, 'L2': False}"
560,0.9141419908406306,0.8356555794180716,2.863076746607291,0.6937875702352155,0.8024141682186104,LSTM,24,30,9636,"MM(0,1)",8097,"{'Recurrent': 32, 'Dense': 0, 'Dropout': 0, 'L2': True}"
561,0.8311805162430166,0.6908610505820076,2.5674377085213536,0.6425401503601651,0.8366499803427763,LSTM,24,30,9636,"MM(0,1)",8097,"{'Recurrent': 32, 'Dense': 0, 'Dropout': 0, 'L2': False}"
562,1.7704769964175406,3.134588794843676,6.047731060196,1.4060660668649405,0.258844972048041,LSTM,24,30,9636,"MM(0,1)",8097,"{'Recurrent': 32, 'Dense': 0, 'Dropout': 0.5, 'L2': True}"
563,1.5976982449803605,2.552639682013324,5.621720928360062,1.2519967281620707,0.3964434065527198,LSTM,24,30,9636,"MM(0,1)",8097,"{'Recurrent': 32, 'Dense': 0, 'Dropout': 0.5, 'L2': False}"
564,0.9920125613484029,0.9840889218730189,3.83941807191475,0.7165646721050358,0.767317980081536,LSTM,24,30,9636,"MM(0,1)",9969,"{'Recurrent': 32, 'Dense': 56, 'Dropout': 0, 'L2': True}"
565,0.8775943197444531,0.7701717900477294,2.9504562021736973,0.7037860300602593,0.8178974238918946,LSTM,24,30,9636,"MM(0,1)",9969,"{'Recurrent': 32, 'Dense': 56, 'Dropout': 0, 'L2': False}"
566,1.0613322317726785,1.1264261061995746,4.138261455703812,0.7533231436433713,0.7336631925694749,LSTM,24,30,9636,"MM(0,1)",9969,"{'Recurrent': 32, 'Dense': 56, 'Dropout': 0.5, 'L2': True}"
567,0.9378384709706563,0.8795409976325785,2.8808150888924473,0.7156128067583795,0.7920377199849663,LSTM,24,30,9636,"MM(0,1)",9969,"{'Recurrent': 32, 'Dense': 56, 'Dropout': 0.5, 'L2': False}"
568,0.793223753554336,0.62920392320283,2.2553649546151036,0.6303156394146107,0.8512284443637423,LSTM,24,30,9636,"MM(0,1)",294145,"{'Recurrent': 256, 'Dense': 0, 'Dropout': 0, 'L2': True}"
569,0.7562207239834242,0.5718697833820143,2.477304041529166,0.5864428938418474,0.8647847634801122,LSTM,24,30,9636,"MM(0,1)",294145,"{'Recurrent': 256, 'Dense': 0, 'Dropout': 0, 'L2': False}"
570,0.7439211266969731,0.5534186427460939,2.3666625620369786,0.5848446113841226,0.8691474268304874,LSTM,24,30,9636,"MM(0,1)",294145,"{'Recurrent': 256, 'Dense': 0, 'Dropout': 0.5, 'L2': True}"
571,0.7785929905857227,0.6062070449892194,2.7127547861580723,0.5936226571789196,0.8566659205466642,LSTM,24,30,9636,"MM(0,1)",294145,"{'Recurrent': 256, 'Dense': 0, 'Dropout': 0.5, 'L2': False}"
572,0.8434623111319404,0.7114286703000341,2.7153487802986973,0.6420555399089134,0.831786887999661,LSTM,24,30,9636,"MM(0,1)",308337,"{'Recurrent': 256, 'Dense': 56, 'Dropout': 0, 'L2': True}"
573,0.8088313116115786,0.6542080906433067,2.764527857447135,0.6113265958128188,0.8453163564851834,LSTM,24,30,9636,"MM(0,1)",308337,"{'Recurrent': 256, 'Dense': 56, 'Dropout': 0, 'L2': False}"
574,0.8037960103260713,0.6460880262161096,2.7991881968026036,0.6096513493039124,0.8472362978144611,LSTM,24,30,9636,"MM(0,1)",308337,"{'Recurrent': 256, 'Dense': 56, 'Dropout': 0.5, 'L2': True}"
575,0.8028879920392535,0.6446291277608244,2.6193099619393223,0.6233559545079336,0.8475812457474036,LSTM,24,30,9636,"MM(0,1)",308337,"{'Recurrent': 256, 'Dense': 56, 'Dropout': 0.5, 'L2': False}"
576,1.7701163203334238,3.1333117875107406,2.8205222966436807,1.637771114448946,0.9590987069459559,RNN,24,30,9664,"MM(0,1)",2049,"{'Recurrent': 32, 'Dense': 0, 'Dropout': 0, 'L2': True}"
577,2.183793654112742,4.768954723743081,4.284810569786117,1.7571986963450825,0.937747524681466,RNN,24,30,9664,"MM(0,1)",2049,"{'Recurrent': 32, 'Dense': 0, 'Dropout': 0, 'L2': False}"
578,3.81376986595312,14.544840590452079,6.346881529125639,3.391500117265282,0.8101361027058666,RNN,24,30,9664,"MM(0,1)",2049,"{'Recurrent': 32, 'Dense': 0, 'Dropout': 0.5, 'L2': True}"
579,3.033199255196577,9.20029772172507,6.162555357250639,2.6265365585233043,0.879902129497401,RNN,24,30,9664,"MM(0,1)",2049,"{'Recurrent': 32, 'Dense': 0, 'Dropout': 0.5, 'L2': False}"
580,3.1189219313169625,9.727674013649931,5.189456602367827,2.257879783167341,0.8730179207979181,RNN,24,30,9664,"MM(0,1)",3921,"{'Recurrent': 32, 'Dense': 56, 'Dropout': 0, 'L2': True}"
581,1.6219745200156246,2.630801343579916,3.420918968223617,1.2474404161118329,0.9656583244764734,RNN,24,30,9664,"MM(0,1)",3921,"{'Recurrent': 32, 'Dense': 56, 'Dropout': 0, 'L2': False}"
582,3.4551608243104086,11.938136321849381,5.802035948070952,2.4333963923768898,0.8441632223880892,RNN,24,30,9664,"MM(0,1)",3921,"{'Recurrent': 32, 'Dense': 56, 'Dropout': 0.5, 'L2': True}"
583,2.5638151603112274,6.573148176241685,4.625128026561299,2.291240880214128,0.9141961355662901,RNN,24,30,9664,"MM(0,1)",3921,"{'Recurrent': 32, 'Dense': 56, 'Dropout': 0.5, 'L2': False}"
584,1.5316363946802214,2.3459100455090267,3.5304236679306484,1.1454832916555298,0.9693772082841399,RNN,24,30,9664,"MM(0,1)",73729,"{'Recurrent': 256, 'Dense': 0, 'Dropout': 0, 'L2': True}"
585,1.4032248349476044,1.9690399374137315,3.290723350547836,1.0374569233781161,0.9742967553256939,RNN,24,30,9664,"MM(0,1)",73729,"{'Recurrent': 256, 'Dense': 0, 'Dropout': 0, 'L2': False}"
586,1.4995507514784356,2.248652456259541,3.4746375351181484,1.1242716463090823,0.9706467790863432,RNN,24,30,9664,"MM(0,1)",73729,"{'Recurrent': 256, 'Dense': 0, 'Dropout': 0.5, 'L2': True}"
587,1.7165278522671912,2.9464678676090164,3.666394737266586,1.43570728148473,0.9615377102885941,RNN,24,30,9664,"MM(0,1)",73729,"{'Recurrent': 256, 'Dense': 0, 'Dropout': 0.5, 'L2': False}"
588,2.139986383776812,4.5795417227501565,4.084271934532211,1.6309424619131558,0.9402200640223441,RNN,24,30,9664,"MM(0,1)",87921,"{'Recurrent': 256, 'Dense': 56, 'Dropout': 0, 'L2': True}"
589,1.1076415462865132,1.2268697950599783,3.0014395981064297,0.8121284334578208,0.9839848172062158,RNN,24,30,9664,"MM(0,1)",87921,"{'Recurrent': 256, 'Dense': 56, 'Dropout': 0, 'L2': False}"
590,2.485405366710197,6.177239836871848,4.670209434532211,1.7996724910777646,0.9193642018518257,RNN,24,30,9664,"MM(0,1)",87921,"{'Recurrent': 256, 'Dense': 56, 'Dropout': 0.5, 'L2': True}"
591,2.253683747372204,5.079090433169618,4.360684898399398,1.793746774228028,0.9336991080545793,RNN,24,30,9664,"MM(0,1)",87921,"{'Recurrent': 256, 'Dense': 56, 'Dropout': 0.5, 'L2': False}"
592,2.094060489126817,4.385089332122045,4.008893516563461,1.7051171423681704,0.9427583860131022,GRU,24,30,9664,"MM(0,1)",6177,"{'Recurrent': 32, 'Dense': 0, 'Dropout': 0, 'L2': True}"
593,5.632265677465042,31.722416661550742,9.106053477791363,4.413612418683042,0.585905282254924,GRU,24,30,9664,"MM(0,1)",6177,"{'Recurrent': 32, 'Dense': 0, 'Dropout': 0, 'L2': False}"
594,4.2194658176905335,17.80389178665884,7.058528562817045,3.4780720831640686,0.7675934458960616,GRU,24,30,9664,"MM(0,1)",6177,"{'Recurrent': 32, 'Dense': 0, 'Dropout': 0.5, 'L2': True}"
595,6.014477205937797,36.173936060745326,9.774917505233546,4.667062539881424,0.5277965105048684,GRU,24,30,9664,"MM(0,1)",6177,"{'Recurrent': 32, 'Dense': 0, 'Dropout': 0.5, 'L2': False}"
596,3.2390557274764227,10.491482005697817,5.344112058910795,2.3218603917941727,0.8630474050502367,GRU,24,30,9664,"MM(0,1)",8049,"{'Recurrent': 32, 'Dense': 56, 'Dropout': 0, 'L2': True}"
597,6.992693579081264,48.89776349092433,11.72955862076445,5.001272118259284,0.3617035616431512,GRU,24,30,9664,"MM(0,1)",8049,"{'Recurrent': 32, 'Dense': 56, 'Dropout': 0, 'L2': False}"
598,3.2261074484981522,10.407769269255258,5.407039305004545,2.3719098756968537,0.8641401654896034,GRU,24,30,9664,"MM(0,1)",8049,"{'Recurrent': 32, 'Dense': 56, 'Dropout': 0.5, 'L2': True}"
599,2.2959381704401114,5.2713320824838865,4.353282591137358,1.870763422929345,0.9311896444042854,GRU,24,30,9664,"MM(0,1)",8049,"{'Recurrent': 32, 'Dense': 56, 'Dropout': 0.5, 'L2': False}"
600,1.4810034506028071,2.193371220697421,3.3521094589462734,1.1399006691974811,0.971368403415313,GRU,24,30,9664,"MM(0,1)",221441,"{'Recurrent': 256, 'Dense': 0, 'Dropout': 0, 'L2': True}"
601,1.5216256336668335,2.3153445690319923,3.3267798691025234,1.2562384453815632,0.9697762006588238,GRU,24,30,9664,"MM(0,1)",221441,"{'Recurrent': 256, 'Dense': 0, 'Dropout': 0, 'L2': False}"
602,1.424738063299703,2.0298785490149887,3.217305686973617,1.1418807695567168,0.9735025867108683,GRU,24,30,9664,"MM(0,1)",221441,"{'Recurrent': 256, 'Dense': 0, 'Dropout': 0.5, 'L2': True}"
603,2.4504208737918876,6.004562458714998,4.389302757286117,2.1747187735327214,0.9216182794945132,GRU,24,30,9664,"MM(0,1)",221441,"{'Recurrent': 256, 'Dense': 0, 'Dropout': 0.5, 'L2': False}"
604,2.5703722514318748,6.606813510930964,4.513822105430648,1.9955304539177658,0.9137566785912845,GRU,24,30,9664,"MM(0,1)",235633,"{'Recurrent': 256, 'Dense': 56, 'Dropout': 0, 'L2': True}"
605,0.9640737330281932,0.9294381627149159,2.7474646835556484,0.6805490943988582,0.9878673986992478,GRU,24,30,9664,"MM(0,1)",235633,"{'Recurrent': 256, 'Dense': 56, 'Dropout': 0, 'L2': False}"
606,2.3974628886252862,5.747828302335501,4.424932029747055,1.9128031579059772,0.9249696085926631,GRU,24,30,9664,"MM(0,1)",235633,"{'Recurrent': 256, 'Dense': 56, 'Dropout': 0.5, 'L2': True}"
607,1.336915956045703,1.7873442735295957,3.253469017051742,0.9619377957551115,0.9766685549100176,GRU,24,30,9664,"MM(0,1)",235633,"{'Recurrent': 256, 'Dense': 56, 'Dropout': 0.5, 'L2': False}"
608,2.373897991557391,5.635391674320213,4.112859275840805,1.9332691449752435,0.926437321921031,LSTM,24,30,9664,"MM(0,1)",8097,"{'Recurrent': 32, 'Dense': 0, 'Dropout': 0, 'L2': True}"
609,4.729484532910491,22.368023947039568,7.649699827465483,3.8406567421955278,0.7080146616291353,LSTM,24,30,9664,"MM(0,1)",8097,"{'Recurrent': 32, 'Dense': 0, 'Dropout': 0, 'L2': False}"
610,5.528126870202123,30.560186693050724,8.751027736975388,4.4569251726328885,0.6010766765372585,LSTM,24,30,9664,"MM(0,1)",8097,"{'Recurrent': 32, 'Dense': 0, 'Dropout': 0.5, 'L2': True}"
611,5.345882420104825,28.578458849585818,8.562427183422514,4.3521521961663,0.6269455452537392,LSTM,24,30,9664,"MM(0,1)",8097,"{'Recurrent': 32, 'Dense': 0, 'Dropout': 0.5, 'L2': False}"
612,3.703333568044246,13.714679516203327,6.11896291763945,2.7239618830995456,0.8209727712797539,LSTM,24,30,9664,"MM(0,1)",9969,"{'Recurrent': 32, 'Dense': 56, 'Dropout': 0, 'L2': True}"
613,1.0561820204925012,1.1155204604116222,2.5115409164658047,0.8195032265371314,0.9854383373397623,LSTM,24,30,9664,"MM(0,1)",9969,"{'Recurrent': 32, 'Dense': 56, 'Dropout': 0, 'L2': False}"
614,3.9932861113662854,15.94633396723087,6.481853147777983,3.0981849110100512,0.7918414371237761,LSTM,24,30,9664,"MM(0,1)",9969,"{'Recurrent': 32, 'Dense': 56, 'Dropout': 0.5, 'L2': True}"
615,1.5526594530374247,2.410751377106475,3.1682715683212734,1.2962648376370738,0.968530789387606,LSTM,24,30,9664,"MM(0,1)",9969,"{'Recurrent': 32, 'Dense': 56, 'Dropout': 0.5, 'L2': False}"
616,1.6742049091032614,2.80296207766546,3.4560828476181484,1.3320420658562424,0.9634109909473622,LSTM,24,30,9664,"MM(0,1)",294145,"{'Recurrent': 256, 'Dense': 0, 'Dropout': 0, 'L2': True}"
617,5.216047795706197,27.20715460709147,8.248614927563139,4.427348189862241,0.6448461311169401,LSTM,24,30,9664,"MM(0,1)",294145,"{'Recurrent': 256, 'Dense': 0, 'Dropout': 0, 'L2': False}"
618,1.9463632363742815,3.788329847909367,3.770680931114242,1.7634828279673613,0.9505483016684332,LSTM,24,30,9664,"MM(0,1)",294145,"{'Recurrent': 256, 'Dense': 0, 'Dropout': 0.5, 'L2': True}"
619,1.2901785612022416,1.6645607197858863,2.948468711875961,1.0460075524038306,0.9782713338399364,LSTM,24,30,9664,"MM(0,1)",294145,"{'Recurrent': 256, 'Dense': 0, 'Dropout': 0.5, 'L2': False}"
620,2.8342329920085727,8.032876652989867,4.762218138012358,2.2787307178948164,0.8951412868133534,LSTM,24,30,9664,"MM(0,1)",308337,"{'Recurrent': 256, 'Dense': 56, 'Dropout': 0, 'L2': True}"
621,1.1179173317743902,1.2497391606815722,2.712087181114242,0.8434140203523268,0.9836862875070721,LSTM,24,30,9664,"MM(0,1)",308337,"{'Recurrent': 256, 'Dense': 56, 'Dropout': 0, 'L2': False}"
622,2.863011988134857,8.196837644203907,4.963948753379867,2.3440924220399757,0.8930009902179722,LSTM,24,30,9664,"MM(0,1)",308337,"{'Recurrent': 256, 'Dense': 56, 'Dropout': 0.5, 'L2': True}"
623,1.5665762393568181,2.4541611137173507,3.419759300254867,1.3078845417473557,0.9679641319724079,LSTM,24,30,9664,"MM(0,1)",308337,"{'Recurrent': 256, 'Dense': 56, 'Dropout': 0.5, 'L2': False}"
624,0.8046697731860013,0.6474934438792107,2.0236155907998494,0.6224935693990026,0.8829635983811386,RNN,24,30,9678,"MM(0,1)",2049,"{'Recurrent': 32, 'Dense': 0, 'Dropout': 0, 'L2': True}"
625,0.9345598049665111,0.8734020290590433,2.307596914042037,0.7522531487202365,0.8421299372001801,RNN,24,30,9678,"MM(0,1)",2049,"{'Recurrent': 32, 'Dense': 0, 'Dropout': 0, 'L2': False}"
626,1.165224864201728,1.3577489841539354,2.7900586861180017,0.9202172289837625,0.7545827576955593,RNN,24,30,9678,"MM(0,1)",2049,"{'Recurrent': 32, 'Dense': 0, 'Dropout': 0.5, 'L2': True}"
627,0.9194102851883496,0.8453152725101222,2.3471019189248494,0.6974193362608713,0.847206703537669,RNN,24,30,9678,"MM(0,1)",2049,"{'Recurrent': 32, 'Dense': 0, 'Dropout': 0.5, 'L2': False}"
628,0.915559300216912,0.8382488322136815,2.0549812730075985,0.717761399187888,0.8484839840296461,RNN,24,30,9678,"MM(0,1)",3921,"{'Recurrent': 32, 'Dense': 56, 'Dropout': 0, 'L2': True}"
629,0.7810610766893645,0.6100564055191493,2.175860158670943,0.6176909438375772,0.8897304564834829,RNN,24,30,9678,"MM(0,1)",3921,"{'Recurrent': 32, 'Dense': 56, 'Dropout': 0, 'L2': False}"
630,0.9826828233044734,0.9656655312176509,2.2808723862888485,0.7425411670017528,0.8254530296647089,RNN,24,30,9678,"MM(0,1)",3921,"{'Recurrent': 32, 'Dense': 56, 'Dropout': 0.5, 'L2': True}"
631,0.9596026856214089,0.9208373142518207,2.608005564999786,0.7106364800276078,0.8335558656922641,RNN,24,30,9678,"MM(0,1)",3921,"{'Recurrent': 32, 'Dense': 56, 'Dropout': 0.5, 'L2': False}"
632,0.7354144312411622,0.5408343856777621,1.868430228631297,0.5748776852769322,0.9022425462839423,RNN,24,30,9678,"MM(0,1)",73729,"{'Recurrent': 256, 'Dense': 0, 'Dropout': 0, 'L2': True}"
633,0.8939959756373839,0.7992288044558378,2.1783091943154744,0.7069622781258742,0.8555369722614435,RNN,24,30,9678,"MM(0,1)",73729,"{'Recurrent': 256, 'Dense': 0, 'Dropout': 0, 'L2': False}"
634,0.7746298285446785,0.6000513712711582,1.9547720865414533,0.599800085430122,0.8915388967349287,RNN,24,30,9678,"MM(0,1)",73729,"{'Recurrent': 256, 'Dense': 0, 'Dropout': 0.5, 'L2': True}"
635,0.8283085973813726,0.6860951324958969,2.439627738396922,0.6491453875869807,0.8759862262165001,RNN,24,30,9678,"MM(0,1)",73729,"{'Recurrent': 256, 'Dense': 0, 'Dropout': 0.5, 'L2': False}"
636,0.8214887198010762,0.674843716760411,1.9502208154092244,0.647275848071754,0.8780199536978316,RNN,24,30,9678,"MM(0,1)",87921,"{'Recurrent': 256, 'Dense': 56, 'Dropout': 0, 'L2': True}"
637,0.8071113921546985,0.6514287993458956,2.040993665671749,0.6262013129000877,0.8822522709580337,RNN,24,30,9678,"MM(0,1)",87921,"{'Recurrent': 256, 'Dense': 56, 'Dropout': 0, 'L2': False}"
638,0.9453379653428062,0.8936638687184768,2.2588081773044735,0.7105534266847277,0.8384675482967323,RNN,24,30,9678,"MM(0,1)",87921,"{'Recurrent': 256, 'Dense': 56, 'Dropout': 0.5, 'L2': True}"
639,1.0207510222040574,1.0419326493306282,2.478303650684026,0.76987055162662,0.8116675170079217,RNN,24,30,9678,"MM(0,1)",87921,"{'Recurrent': 256, 'Dense': 56, 'Dropout': 0.5, 'L2': False}"
640,0.7519877163180234,0.5654855254931961,1.91921716418625,0.5928280408451867,0.8977867780795309,GRU,24,30,9678,"MM(0,1)",6177,"{'Recurrent': 32, 'Dense': 0, 'Dropout': 0, 'L2': True}"
641,0.832799681918486,0.6935553102035314,2.150589677748954,0.6383472933161416,0.8746377764945881,GRU,24,30,9678,"MM(0,1)",6177,"{'Recurrent': 32, 'Dense': 0, 'Dropout': 0, 'L2': False}"
642,1.2345499807653622,1.5241136550077563,3.025957345344267,0.9140800013901726,0.7245118394224939,GRU,24,30,9678,"MM(0,1)",6177,"{'Recurrent': 32, 'Dense': 0, 'Dropout': 0.5, 'L2': True}"
643,1.0425767298264412,1.0869662375755964,2.4186287339450985,0.7950202327961137,0.803527559499472,GRU,24,30,9678,"MM(0,1)",6177,"{'Recurrent': 32, 'Dense': 0, 'Dropout': 0.5, 'L2': False}"
644,0.8505784091703202,0.7234836301467128,2.0711924950967244,0.6718934763679447,0.8692281419944102,GRU,24,30,9678,"MM(0,1)",8049,"{'Recurrent': 32, 'Dense': 56, 'Dropout': 0, 'L2': True}"
645,0.7872502975650445,0.6197630310162511,2.015391103495162,0.6362064960139264,0.8879759545178157,GRU,24,30,9678,"MM(0,1)",8049,"{'Recurrent': 32, 'Dense': 56, 'Dropout': 0, 'L2': False}"
646,0.955984494475167,0.9139063536769405,2.273174582160536,0.7000648680427001,0.8348086578141216,GRU,24,30,9678,"MM(0,1)",8049,"{'Recurrent': 32, 'Dense': 56, 'Dropout': 0.5, 'L2': True}"
647,0.9146600522581609,0.8366030111969017,2.3259013277660046,0.6766718779262757,0.8487814711645869,GRU,24,30,9678,"MM(0,1)",8049,"{'Recurrent': 32, 'Dense': 56, 'Dropout': 0.5, 'L2': False}"
648,0.7551594441715712,0.5702657861215163,1.8185167857682814,0.5792693403072584,0.8969227314887468,GRU,24,30,9678,"MM(0,1)",221441,"{'Recurrent': 256, 'Dense': 0, 'Dropout': 0, 'L2': True}"
649,0.7291325533789572,0.531634280396918,1.8553896495378126,0.5595847723289961,0.9039054931859739,GRU,24,30,9678,"MM(0,1)",221441,"{'Recurrent': 256, 'Dense': 0, 'Dropout': 0, 'L2': False}"
650,0.9367156930779909,0.8774362896585807,2.27395349231125,0.7047312634751138,0.8414007323746705,GRU,24,30,9678,"MM(0,1)",221441,"{'Recurrent': 256, 'Dense': 0, 'Dropout': 0.5, 'L2': True}"
651,0.8363983525327296,0.6995622041194643,2.0618334361589064,0.6476530083918816,0.8735520122208758,GRU,24,30,9678,"MM(0,1)",221441,"{'Recurrent': 256, 'Dense': 0, 'Dropout': 0.5, 'L2': False}"
652,0.8008047068156998,0.641288178458179,1.9513881127725057,0.6227430828272459,0.8840852189053813,GRU,24,30,9678,"MM(0,1)",235633,"{'Recurrent': 256, 'Dense': 56, 'Dropout': 0, 'L2': True}"
653,0.8059659897515152,0.6495811766361396,1.8800532739053182,0.6280698395937511,0.8825862343603558,GRU,24,30,9678,"MM(0,1)",235633,"{'Recurrent': 256, 'Dense': 56, 'Dropout': 0, 'L2': False}"
654,0.8494808179986635,0.7216176601476784,1.9654490868935994,0.6575082380388823,0.8695654217248541,GRU,24,30,9678,"MM(0,1)",235633,"{'Recurrent': 256, 'Dense': 56, 'Dropout': 0.5, 'L2': True}"
655,0.7767622965910088,0.6033596654053384,2.3336741845498494,0.6303236559461922,0.8909409125474108,GRU,24,30,9678,"MM(0,1)",235633,"{'Recurrent': 256, 'Dense': 56, 'Dropout': 0.5, 'L2': False}"
656,0.7929904246876374,0.6288338136462794,1.839588461555067,0.6079052005547295,0.8863363830767134,LSTM,24,30,9678,"MM(0,1)",8097,"{'Recurrent': 32, 'Dense': 0, 'Dropout': 0, 'L2': True}"
657,0.7745011838977134,0.5998520838589597,1.8700349128910574,0.5876522928685202,0.8915749185384421,LSTM,24,30,9678,"MM(0,1)",8097,"{'Recurrent': 32, 'Dense': 0, 'Dropout': 0, 'L2': False}"
658,1.4459453937673972,2.090758081757153,3.6943626816990047,0.9884806389889556,0.6220891425889743,LSTM,24,30,9678,"MM(0,1)",8097,"{'Recurrent': 32, 'Dense': 0, 'Dropout': 0.5, 'L2': True}"
659,1.5829992914602615,2.50588675676369,4.03564075787088,1.0596512318182711,0.5470533769131223,LSTM,24,30,9678,"MM(0,1)",8097,"{'Recurrent': 32, 'Dense': 0, 'Dropout': 0.5, 'L2': False}"
660,0.8684991730955743,0.7542908136676963,2.0003471787693172,0.6690677752718661,0.863659650239951,LSTM,24,30,9678,"MM(0,1)",9969,"{'Recurrent': 32, 'Dense': 56, 'Dropout': 0, 'L2': True}"
661,0.7614259618129209,0.5797694953227316,1.8600886446605358,0.5857088333528537,0.8952049072583137,LSTM,24,30,9678,"MM(0,1)",9969,"{'Recurrent': 32, 'Dense': 56, 'Dropout': 0, 'L2': False}"
662,0.966444519873064,0.9340150099926772,2.3941460068943172,0.7123821751893608,0.8311739572641292,LSTM,24,30,9678,"MM(0,1)",9969,"{'Recurrent': 32, 'Dense': 56, 'Dropout': 0.5, 'L2': True}"
663,0.8723853693801472,0.7610562327085358,2.17022010987786,0.6583539655061784,0.862436780251894,LSTM,24,30,9678,"MM(0,1)",9969,"{'Recurrent': 32, 'Dense': 56, 'Dropout': 0.5, 'L2': False}"
664,0.7124166926762022,0.5075375440036984,1.9729182641396932,0.566671999643404,0.9082610512922067,LSTM,24,30,9678,"MM(0,1)",294145,"{'Recurrent': 256, 'Dense': 0, 'Dropout': 0, 'L2': True}"
665,0.7493271249993899,0.5614911402598514,1.815079423842704,0.5726072044114089,0.8985087753117954,LSTM,24,30,9678,"MM(0,1)",294145,"{'Recurrent': 256, 'Dense': 0, 'Dropout': 0, 'L2': False}"
666,0.8652905939259413,0.7487278119367083,2.0228922945628796,0.6551692859715313,0.8646651796564246,LSTM,24,30,9678,"MM(0,1)",294145,"{'Recurrent': 256, 'Dense': 0, 'Dropout': 0.5, 'L2': True}"
667,0.7509112926239152,0.5638677693901192,1.9176356713662557,0.5923883190755921,0.8980791923962949,LSTM,24,30,9678,"MM(0,1)",294145,"{'Recurrent': 256, 'Dense': 0, 'Dropout': 0.5, 'L2': False}"
668,0.8418063345557449,0.7086379048981788,1.945438426327911,0.6419572423171672,0.8719115518094984,LSTM,24,30,9678,"MM(0,1)",308337,"{'Recurrent': 256, 'Dense': 56, 'Dropout': 0, 'L2': True}"
669,0.6992237007215554,0.48891378365074717,1.7473475854287557,0.5475767085160246,0.9116273523983041,LSTM,24,30,9678,"MM(0,1)",308337,"{'Recurrent': 256, 'Dense': 56, 'Dropout': 0, 'L2': False}"
670,0.8042995834145416,0.6468978198808051,1.9773890893350057,0.6186418000789544,0.8830712592233452,LSTM,24,30,9678,"MM(0,1)",308337,"{'Recurrent': 256, 'Dense': 56, 'Dropout': 0.5, 'L2': True}"
671,0.8532867556344268,0.728098287341126,1.9946940523753796,0.6461888082192955,0.8683940287260148,LSTM,24,30,9678,"MM(0,1)",308337,"{'Recurrent': 256, 'Dense': 56, 'Dropout': 0.5, 'L2': False}"
672,1.1677033517561248,1.363531117702488,3.1671149555756415,0.8656398080832077,0.7549194015500623,RNN,24,30,9770,"MM(0,1)",2049,"{'Recurrent': 32, 'Dense': 0, 'Dropout': 0, 'L2': True}"
673,1.6133972706551716,2.6030507529575573,4.069519041380687,1.196052944462466,0.532128582877273,RNN,24,30,9770,"MM(0,1)",2049,"{'Recurrent': 32, 'Dense': 0, 'Dropout': 0, 'L2': False}"
674,1.4902871926703065,2.220955916637143,2.9594766989894907,1.2966303613085213,0.6008061729478433,RNN,24,30,9770,"MM(0,1)",2049,"{'Recurrent': 32, 'Dense': 0, 'Dropout': 0.5, 'L2': True}"
675,1.762707123211624,3.1071364022209997,3.8663292037116435,1.4297682026040766,0.441524407448058,RNN,24,30,9770,"MM(0,1)",2049,"{'Recurrent': 32, 'Dense': 0, 'Dropout': 0.5, 'L2': False}"
676,1.3077380958805116,1.7101789274171861,2.9814549536400534,1.0721295296192634,0.6926130474425096,RNN,24,30,9770,"MM(0,1)",3921,"{'Recurrent': 32, 'Dense': 56, 'Dropout': 0, 'L2': True}"
677,2.2321981801625204,4.982708715520868,5.010010745935162,1.8652197799183563,0.10440970649851844,RNN,24,30,9770,"MM(0,1)",3921,"{'Recurrent': 32, 'Dense': 56, 'Dropout': 0, 'L2': False}"
678,1.218748339545373,1.4853475151446043,2.615388974636147,0.9990996986804964,0.7330241655715584,RNN,24,30,9770,"MM(0,1)",3921,"{'Recurrent': 32, 'Dense': 56, 'Dropout': 0.5, 'L2': True}"
679,1.6583933143272653,2.7502683850053717,3.9609410565746117,1.285606902522523,0.5056677380192143,RNN,24,30,9770,"MM(0,1)",3921,"{'Recurrent': 32, 'Dense': 56, 'Dropout': 0.5, 'L2': False}"
680,1.1353115085134073,1.2889322213629886,3.1447684589936102,0.8521844918005322,0.7683277806631077,RNN,24,30,9770,"MM(0,1)",73729,"{'Recurrent': 256, 'Dense': 0, 'Dropout': 0, 'L2': True}"
681,1.3278996572010489,1.763317499594663,3.2951536282952674,0.9911161703454185,0.6830619393666082,RNN,24,30,9770,"MM(0,1)",73729,"{'Recurrent': 256, 'Dense': 0, 'Dropout': 0, 'L2': False}"
682,1.1858198626873226,1.4061687467437807,3.0420179471429236,0.8964417502496266,0.7472557292610618,RNN,24,30,9770,"MM(0,1)",73729,"{'Recurrent': 256, 'Dense': 0, 'Dropout': 0.5, 'L2': True}"
683,1.389152250299396,1.9297439745118756,3.8397528950287665,1.0253666267732242,0.6531485039186878,RNN,24,30,9770,"MM(0,1)",73729,"{'Recurrent': 256, 'Dense': 0, 'Dropout': 0.5, 'L2': False}"
684,1.2936566364097557,1.6735474929270027,2.973207578151772,1.0235592464658156,0.6991971684577021,RNN,24,30,9770,"MM(0,1)",87921,"{'Recurrent': 256, 'Dense': 56, 'Dropout': 0, 'L2': True}"
685,1.1865650083382588,1.4079365190127722,3.4835988135033347,0.90507077738173,0.7469379905017604,RNN,24,30,9770,"MM(0,1)",87921,"{'Recurrent': 256, 'Dense': 56, 'Dropout': 0, 'L2': False}"
686,1.1294670735568257,1.27569587024902,2.548860654323647,0.913477688272872,0.7707068777076774,RNN,24,30,9770,"MM(0,1)",87921,"{'Recurrent': 256, 'Dense': 56, 'Dropout': 0.5, 'L2': True}"
687,1.2921695097776298,1.6697020419989599,3.185121640651772,0.9755383464821145,0.6998883484407029,RNN,24,30,9770,"MM(0,1)",87921,"{'Recurrent': 256, 'Dense': 56, 'Dropout': 0.5, 'L2': False}"
688,1.4244518526431413,2.029063080498478,3.320795163600991,1.0737202400601984,0.6352969231100859,GRU,24,30,9770,"MM(0,1)",6177,"{'Recurrent': 32, 'Dense': 0, 'Dropout': 0, 'L2': True}"
689,1.7312368549452761,2.997181047920811,4.161006720719811,1.228819429846308,0.46128774374805503,GRU,24,30,9770,"MM(0,1)",6177,"{'Recurrent': 32, 'Dense': 0, 'Dropout': 0, 'L2': False}"
690,1.274169694481401,1.6235084103348267,3.088678464382241,0.976150268044822,0.708191175377207,GRU,24,30,9770,"MM(0,1)",6177,"{'Recurrent': 32, 'Dense': 0, 'Dropout': 0.5, 'L2': True}"
691,1.3924357933831757,1.938877438694634,3.248193845241616,1.0587190498508585,0.6515068583128265,GRU,24,30,9770,"MM(0,1)",6177,"{'Recurrent': 32, 'Dense': 0, 'Dropout': 0.5, 'L2': False}"
692,1.331462157810181,1.7727914776805438,3.0532407864983924,1.0128181699534196,0.6813590899128299,GRU,24,30,9770,"MM(0,1)",8049,"{'Recurrent': 32, 'Dense': 56, 'Dropout': 0, 'L2': True}"
693,1.6470887219224235,2.7129012578840426,4.2774054829193915,1.1759406779256534,0.5123840921664382,GRU,24,30,9770,"MM(0,1)",8049,"{'Recurrent': 32, 'Dense': 56, 'Dropout': 0, 'L2': False}"
694,1.146710138408458,1.3149441415287446,2.647401914089272,0.905440487535052,0.7636524073780467,GRU,24,30,9770,"MM(0,1)",8049,"{'Recurrent': 32, 'Dense': 56, 'Dropout': 0.5, 'L2': True}"
695,1.7559648229402967,3.083412459403747,4.597101315944741,1.309655763838809,0.44578854049772476,GRU,24,30,9770,"MM(0,1)",8049,"{'Recurrent': 32, 'Dense': 56, 'Dropout': 0.5, 'L2': False}"
696,1.4031514362240323,1.9688339529775645,3.3788624853783347,1.0352725752583405,0.6461224850831893,GRU,24,30,9770,"MM(0,1)",221441,"{'Recurrent': 256, 'Dense': 0, 'Dropout': 0, 'L2': True}"
697,1.391856433922009,1.937264332650092,3.4797620877679236,1.0135948663340353,0.651796797419919,GRU,24,30,9770,"MM(0,1)",221441,"{'Recurrent': 256, 'Dense': 0, 'Dropout': 0, 'L2': False}"
698,1.3569430988560152,1.8412945735329656,3.1902333349877097,1.0087320309603802,0.6690463678126746,GRU,24,30,9770,"MM(0,1)",221441,"{'Recurrent': 256, 'Dense': 0, 'Dropout': 0.5, 'L2': True}"
699,1.3010833910024957,1.6928179903425533,3.1084776029046424,0.9737911781432566,0.6957334961016294,GRU,24,30,9770,"MM(0,1)",221441,"{'Recurrent': 256, 'Dense': 0, 'Dropout': 0.5, 'L2': False}"
700,1.349908510059346,1.8222529855306433,3.067842587917397,1.0389750093183752,0.672468896072176,GRU,24,30,9770,"MM(0,1)",235633,"{'Recurrent': 256, 'Dense': 56, 'Dropout': 0, 'L2': True}"
701,1.4529945779132178,2.1111932434452103,3.7204152197533347,1.0414640402622874,0.620534876813928,GRU,24,30,9770,"MM(0,1)",235633,"{'Recurrent': 256, 'Dense': 56, 'Dropout': 0, 'L2': False}"
702,1.1430291281323006,1.3065155877588874,2.579591855495522,0.9126159485716683,0.7651673526368427,GRU,24,30,9770,"MM(0,1)",235633,"{'Recurrent': 256, 'Dense': 56, 'Dropout': 0.5, 'L2': True}"
703,0.5609912645413496,0.3147111988917025,1.4100640666116817,0.4557506868905129,0.9434339209704015,GRU,24,30,9770,"MM(0,1)",235633,"{'Recurrent': 256, 'Dense': 56, 'Dropout': 0.5, 'L2': False}"
704,1.4465330296982224,2.0924578060079186,3.7394590482171424,1.0460077185320287,0.6239023776796873,LSTM,24,30,9770,"MM(0,1)",8097,"{'Recurrent': 32, 'Dense': 0, 'Dropout': 0, 'L2': True}"
705,1.5894203523152308,2.5262570563538724,3.7249852270775534,1.1758245283864284,0.5459314546096954,LSTM,24,30,9770,"MM(0,1)",8097,"{'Recurrent': 32, 'Dense': 0, 'Dropout': 0, 'L2': False}"
706,0.8574367180045868,0.7351977253824772,2.256972568838421,0.7233543167245192,0.8678558221543391,LSTM,24,30,9770,"MM(0,1)",8097,"{'Recurrent': 32, 'Dense': 0, 'Dropout': 0.5, 'L2': True}"
707,0.9467199080038691,0.8962785842108544,1.6812053737695578,0.8166904180828604,0.83890320584221,LSTM,24,30,9770,"MM(0,1)",8097,"{'Recurrent': 32, 'Dense': 0, 'Dropout': 0.5, 'L2': False}"
708,1.3656618051520835,1.8650321660512474,3.0983372778588034,1.0407485025406031,0.6647797813705962,LSTM,24,30,9770,"MM(0,1)",9969,"{'Recurrent': 32, 'Dense': 56, 'Dropout': 0, 'L2': True}"
709,1.607948736146174,2.5854991380740784,3.83838177770933,1.1653037536927446,0.5352833038979812,LSTM,24,30,9770,"MM(0,1)",9969,"{'Recurrent': 32, 'Dense': 56, 'Dropout': 0, 'L2': False}"
710,1.201006739665805,1.4424171887226866,2.633081540554116,0.9537338639724205,0.7407404471837176,LSTM,24,30,9770,"MM(0,1)",9969,"{'Recurrent': 32, 'Dense': 56, 'Dropout': 0.5, 'L2': True}"
711,1.141227560955496,1.3024003458844304,2.807144862802204,0.8790556551558687,0.7659070247486589,LSTM,24,30,9770,"MM(0,1)",9969,"{'Recurrent': 32, 'Dense': 56, 'Dropout': 0.5, 'L2': False}"
712,1.4504491501224732,2.1038027370910046,3.5294896216088034,1.0591044185238356,0.6218632437991926,LSTM,24,30,9770,"MM(0,1)",294145,"{'Recurrent': 256, 'Dense': 0, 'Dropout': 0, 'L2': True}"
713,1.4828149240498385,2.1987400989849286,3.475343808620522,1.0953907119351327,0.6047992361163859,LSTM,24,30,9770,"MM(0,1)",294145,"{'Recurrent': 256, 'Dense': 0, 'Dropout': 0, 'L2': False}"
714,1.3339829885448,1.7795106137269159,3.0973683447533347,1.0077093301444064,0.6801513947880673,LSTM,24,30,9770,"MM(0,1)",294145,"{'Recurrent': 256, 'Dense': 0, 'Dropout': 0.5, 'L2': True}"
715,1.3227389799504712,1.7496384090804131,3.1916066260033347,1.0013258042916218,0.6855206142336197,LSTM,24,30,9770,"MM(0,1)",294145,"{'Recurrent': 256, 'Dense': 0, 'Dropout': 0.5, 'L2': False}"
716,1.4115379977832256,1.9924395191858775,3.1362172217064597,1.0842067528021218,0.6418796290031381,LSTM,24,30,9770,"MM(0,1)",308337,"{'Recurrent': 256, 'Dense': 56, 'Dropout': 0, 'L2': True}"
717,1.6101424827678623,2.592558814813856,3.8702794165306784,1.1543692806251276,0.5340144001100258,LSTM,24,30,9770,"MM(0,1)",308337,"{'Recurrent': 256, 'Dense': 56, 'Dropout': 0, 'L2': False}"
718,1.09659609078684,1.2025229863289795,2.533662900417397,0.8608697812519805,0.7838589458553031,LSTM,24,30,9770,"MM(0,1)",308337,"{'Recurrent': 256, 'Dense': 56, 'Dropout': 0.5, 'L2': True}"
719,0.8631516591640075,0.7450307867175789,1.532256704335964,0.7310764938159685,0.8660884312049764,LSTM,24,30,9770,"MM(0,1)",308337,"{'Recurrent': 256, 'Dense': 56, 'Dropout': 0.5, 'L2': False}"
720,4.625448258904173,21.39477159579965,6.780410708071585,4.415735839728858,0.03301799216465595,RNN,24,30,9793,"MM(0,1)",2049,"{'Recurrent': 32, 'Dense': 0, 'Dropout': 0, 'L2': True}"
721,5.045176184565247,25.453802733304343,6.962901544251153,4.827615472832767,-0.15043851549822795,RNN,24,30,9793,"MM(0,1)",2049,"{'Recurrent': 32, 'Dense': 0, 'Dropout': 0, 'L2': False}"
722,1.1639950200522537,1.3548844067064467,3.704199321947641,0.8293573483514518,0.9387631301360088,RNN,24,30,9793,"MM(0,1)",2049,"{'Recurrent': 32, 'Dense': 0, 'Dropout': 0.5, 'L2': True}"
723,2.4153490073167885,5.833910827146195,6.206236370287485,2.145408639326357,0.7363240462789651,RNN,24,30,9793,"MM(0,1)",2049,"{'Recurrent': 32, 'Dense': 0, 'Dropout': 0.5, 'L2': False}"
724,1.0868232973954144,1.1811848797614415,3.2428193170648285,0.8121290422567827,0.9466138480823647,RNN,24,30,9793,"MM(0,1)",3921,"{'Recurrent': 32, 'Dense': 56, 'Dropout': 0, 'L2': True}"
725,1.8778175369108279,3.526198701929848,5.9063161900349,1.4031603306906881,0.8406259825887585,RNN,24,30,9793,"MM(0,1)",3921,"{'Recurrent': 32, 'Dense': 56, 'Dropout': 0, 'L2': False}"
726,1.3569694797064988,1.8413661688549259,4.1867890436273285,0.9710090009090443,0.9167755567220459,RNN,24,30,9793,"MM(0,1)",3921,"{'Recurrent': 32, 'Dense': 56, 'Dropout': 0.5, 'L2': True}"
727,1.0962141490371917,1.2016854605493343,3.5885015048063877,0.7592981390544001,0.945687280921631,RNN,24,30,9793,"MM(0,1)",3921,"{'Recurrent': 32, 'Dense': 56, 'Dropout': 0.5, 'L2': False}"
728,0.8987709241930563,0.8077891741748405,2.7430649659686566,0.6637243892715078,0.9634902576990074,RNN,24,30,9793,"MM(0,1)",73729,"{'Recurrent': 256, 'Dense': 0, 'Dropout': 0, 'L2': True}"
729,1.0730164186149966,1.1513642346173538,3.3684515474034242,0.8131217917724886,0.9479616552878427,RNN,24,30,9793,"MM(0,1)",73729,"{'Recurrent': 256, 'Dense': 0, 'Dropout': 0, 'L2': False}"
730,0.9225475366454656,0.8510939573706168,2.9304963014178753,0.6826853676337165,0.9615330063202758,RNN,24,30,9793,"MM(0,1)",73729,"{'Recurrent': 256, 'Dense': 0, 'Dropout': 0.5, 'L2': True}"
731,1.136409569218239,1.2914267090107836,2.9831636143470917,0.9462415224621358,0.9416312351613696,RNN,24,30,9793,"MM(0,1)",73729,"{'Recurrent': 256, 'Dense': 0, 'Dropout': 0.5, 'L2': False}"
732,0.979628961450093,0.9596729021117878,2.8070817072015473,0.752091329509764,0.9566255509859514,RNN,24,30,9793,"MM(0,1)",87921,"{'Recurrent': 256, 'Dense': 56, 'Dropout': 0, 'L2': True}"
733,1.0659777525653733,1.1363085689643244,2.6977219659906098,0.932528456916553,0.9486421279789053,RNN,24,30,9793,"MM(0,1)",87921,"{'Recurrent': 256, 'Dense': 56, 'Dropout': 0, 'L2': False}"
734,1.191936555244847,1.4207127517289522,3.4566025812249848,0.9138631413893658,0.9357878786846291,RNN,24,30,9793,"MM(0,1)",87921,"{'Recurrent': 256, 'Dense': 56, 'Dropout': 0.5, 'L2': True}"
735,1.0937073924143799,1.196195860221862,2.2352251526495905,0.9407303974399965,0.9459353950332074,RNN,24,30,9793,"MM(0,1)",87921,"{'Recurrent': 256, 'Dense': 56, 'Dropout': 0.5, 'L2': False}"
736,2.507462169574847,6.287366531848997,5.314961819917713,2.3635446680859213,0.7158291554672309,GRU,24,30,9793,"MM(0,1)",6177,"{'Recurrent': 32, 'Dense': 0, 'Dropout': 0, 'L2': True}"
737,2.2824543204804573,5.209597725079905,6.554860501558338,1.9320926533867782,0.7645411989721257,GRU,24,30,9793,"MM(0,1)",6177,"{'Recurrent': 32, 'Dense': 0, 'Dropout': 0, 'L2': False}"
738,1.9347623349579766,3.7433052927720416,6.080793865404672,1.4961801632681908,0.8308133904707811,GRU,24,30,9793,"MM(0,1)",6177,"{'Recurrent': 32, 'Dense': 0, 'Dropout': 0.5, 'L2': True}"
739,3.688469674979942,13.60480854324664,5.971516995698963,3.4994677725253984,0.3851018683486732,GRU,24,30,9793,"MM(0,1)",6177,"{'Recurrent': 32, 'Dense': 0, 'Dropout': 0.5, 'L2': False}"
740,1.0533019817019558,1.109445064657267,3.3429169733148285,0.7623002082503373,0.9498562809422131,GRU,24,30,9793,"MM(0,1)",8049,"{'Recurrent': 32, 'Dense': 56, 'Dropout': 0, 'L2': True}"
741,0.9981737004994438,0.9963507363687532,2.8494601986419212,0.7729475771841127,0.9549678185977348,GRU,24,30,9793,"MM(0,1)",8049,"{'Recurrent': 32, 'Dense': 56, 'Dropout': 0, 'L2': False}"
742,1.1982092745583022,1.435705465637533,3.7831101495843598,0.8575028595206103,0.9351102512309635,GRU,24,30,9793,"MM(0,1)",8049,"{'Recurrent': 32, 'Dense': 56, 'Dropout': 0.5, 'L2': True}"
743,1.8410018902905596,3.389287960053414,5.776158719331775,1.3723573089737229,0.846813953490018,GRU,24,30,9793,"MM(0,1)",8049,"{'Recurrent': 32, 'Dense': 56, 'Dropout': 0.5, 'L2': False}"
744,0.8507482726038946,0.7237726233385106,2.6813889405780316,0.6418655882862537,0.9672875636274831,GRU,24,30,9793,"MM(0,1)",221441,"{'Recurrent': 256, 'Dense': 0, 'Dropout': 0, 'L2': True}"
745,1.485759347264832,2.2074808379848196,4.1938996393304535,1.2059809632514737,0.9002282289663852,GRU,24,30,9793,"MM(0,1)",221441,"{'Recurrent': 256, 'Dense': 0, 'Dropout': 0, 'L2': False}"
746,2.566580872159473,6.587337373334881,4.3120684143683405,2.4392459016908417,0.7022713380680947,GRU,24,30,9793,"MM(0,1)",221441,"{'Recurrent': 256, 'Dense': 0, 'Dropout': 0.5, 'L2': True}"
747,1.3190434394534727,1.7398755951652471,3.7976975519281098,1.0190281005153865,0.9213626381163653,GRU,24,30,9793,"MM(0,1)",221441,"{'Recurrent': 256, 'Dense': 0, 'Dropout': 0.5, 'L2': False}"
748,0.9909438662500855,0.9819697460586673,2.9092011530023285,0.7213034225937143,0.9556177979079807,GRU,24,30,9793,"MM(0,1)",235633,"{'Recurrent': 256, 'Dense': 56, 'Dropout': 0, 'L2': True}"
749,1.0125420186746292,1.0252413395816933,3.0193772394281098,0.7005134172736737,0.9536620466067915,GRU,24,30,9793,"MM(0,1)",235633,"{'Recurrent': 256, 'Dense': 56, 'Dropout': 0, 'L2': False}"
750,1.0390320006032314,1.0795874982775535,2.854805520919669,0.8115355049829017,0.9512057568811196,GRU,24,30,9793,"MM(0,1)",235633,"{'Recurrent': 256, 'Dense': 56, 'Dropout': 0.5, 'L2': True}"
751,1.3395197607244507,1.7943131893712898,4.224213174728263,0.7905484742541911,0.9189022157691868,GRU,24,30,9793,"MM(0,1)",235633,"{'Recurrent': 256, 'Dense': 56, 'Dropout': 0.5, 'L2': False}"
752,2.560955575229909,6.558493458301155,4.247479825288806,2.443322233668687,0.7035749998879115,LSTM,24,30,9793,"MM(0,1)",8097,"{'Recurrent': 32, 'Dense': 0, 'Dropout': 0, 'L2': True}"
753,3.0170283715032733,9.102460194455693,5.115434768887582,2.8728539910286215,0.5885950361440593,LSTM,24,30,9793,"MM(0,1)",8097,"{'Recurrent': 32, 'Dense': 0, 'Dropout': 0, 'L2': False}"
754,2.247872459769431,5.052930595389873,6.203603177339588,1.9750048048031457,0.7716221016567427,LSTM,24,30,9793,"MM(0,1)",8097,"{'Recurrent': 32, 'Dense': 0, 'Dropout': 0.5, 'L2': True}"
755,2.509577463776009,6.297979046692426,5.393208890230213,2.3565870155638526,0.7153495003858232,LSTM,24,30,9793,"MM(0,1)",8097,"{'Recurrent': 32, 'Dense': 0, 'Dropout': 0.5, 'L2': False}"
756,1.1041336495008796,1.219111115960131,3.5820756036859223,0.790418715873623,0.9448996915247763,LSTM,24,30,9793,"MM(0,1)",9969,"{'Recurrent': 32, 'Dense': 56, 'Dropout': 0, 'L2': True}"
757,2.233777766739994,4.989763111181915,4.992964275560922,2.0566225408671137,0.7744770898689708,LSTM,24,30,9793,"MM(0,1)",9969,"{'Recurrent': 32, 'Dense': 56, 'Dropout': 0, 'L2': False}"
758,1.233673894477432,1.5219512779151136,3.9263825494867035,0.8433343814811077,0.9312121891109668,LSTM,24,30,9793,"MM(0,1)",9969,"{'Recurrent': 32, 'Dense': 56, 'Dropout': 0.5, 'L2': True}"
759,2.0312725425719753,4.126068142206818,5.990454204760141,1.6592845096009785,0.8135136129520586,LSTM,24,30,9793,"MM(0,1)",9969,"{'Recurrent': 32, 'Dense': 56, 'Dropout': 0.5, 'L2': False}"
760,1.6087515008309623,2.588081391425874,4.384199627123422,1.3578927266513685,0.8830261809939765,LSTM,24,30,9793,"MM(0,1)",294145,"{'Recurrent': 256, 'Dense': 0, 'Dropout': 0, 'L2': True}"
761,2.0017470715300214,4.0069913383790166,4.5947480280023285,1.8328069033908099,0.8188955412580672,LSTM,24,30,9793,"MM(0,1)",294145,"{'Recurrent': 256, 'Dense': 0, 'Dropout': 0, 'L2': False}"
762,1.9255517063466518,3.707749373814502,4.834784038744516,1.7132985086677481,0.8324204155212724,LSTM,24,30,9793,"MM(0,1)",294145,"{'Recurrent': 256, 'Dense': 0, 'Dropout': 0.5, 'L2': True}"
763,1.8724563165623813,3.5060926574343605,4.936140545092172,1.637194691810279,0.8415347178462871,LSTM,24,30,9793,"MM(0,1)",294145,"{'Recurrent': 256, 'Dense': 0, 'Dropout': 0.5, 'L2': False}"
764,0.9892223443053368,0.9785608464729464,2.991095073900766,0.679591270922443,0.9557718703434424,LSTM,24,30,9793,"MM(0,1)",308337,"{'Recurrent': 256, 'Dense': 56, 'Dropout': 0, 'L2': True}"
765,1.5466462289218394,2.392114557438147,4.2759919244867035,1.2773901286958496,0.8918833170353722,LSTM,24,30,9793,"MM(0,1)",308337,"{'Recurrent': 256, 'Dense': 56, 'Dropout': 0, 'L2': False}"
766,1.1004062544539879,1.2108939248414545,3.2170090753656098,0.7715929243049221,0.9452710848781068,LSTM,24,30,9793,"MM(0,1)",308337,"{'Recurrent': 256, 'Dense': 56, 'Dropout': 0.5, 'L2': True}"
767,1.2152989445753868,1.4769515246860492,3.7613968927484223,0.8040342649100898,0.933246048249621,LSTM,24,30,9793,"MM(0,1)",308337,"{'Recurrent': 256, 'Dense': 56, 'Dropout': 0.5, 'L2': False}"
768,1.5254173793315395,2.326898181166702,5.015086810079666,1.0800363566707165,0.8783215341191537,RNN,24,30,1011,Zscore,2049,"{'Recurrent': 32, 'Dense': 0, 'Dropout': 0, 'L2': True}"
769,1.5343928003120613,2.354361265649489,5.119495074239822,1.0142939214272888,0.8768854308915746,RNN,24,30,1011,Zscore,2049,"{'Recurrent': 32, 'Dense': 0, 'Dropout': 0, 'L2': False}"
770,1.6279363976492645,2.650176914791264,5.393163614601107,1.092775741137105,0.8614166000409396,RNN,24,30,1011,Zscore,2049,"{'Recurrent': 32, 'Dense': 0, 'Dropout': 0.5, 'L2': True}"
771,2.422516126214698,5.868584381770267,8.02356553517258,1.7434773196034885,0.6931192132747026,RNN,24,30,1011,Zscore,2049,"{'Recurrent': 32, 'Dense': 0, 'Dropout': 0.5, 'L2': False}"
772,1.8935416585541807,3.585500012680117,4.918539351414182,1.4251043824581657,0.8125065615290813,RNN,24,30,1011,Zscore,3921,"{'Recurrent': 32, 'Dense': 56, 'Dropout': 0, 'L2': True}"
773,1.905301731481982,3.630174687988239,4.838575667332151,1.3684296969207874,0.8101704275292294,RNN,24,30,1011,Zscore,3921,"{'Recurrent': 32, 'Dense': 56, 'Dropout': 0, 'L2': False}"
774,1.3417605483190052,1.8003213690253173,4.625411669698806,0.9473226337953494,0.9058573580707046,RNN,24,30,1011,Zscore,3921,"{'Recurrent': 32, 'Dense': 56, 'Dropout': 0.5, 'L2': True}"
775,1.3614726550413352,1.8536077904253023,5.175471941915603,0.9413153285420361,0.9030708975110167,RNN,24,30,1011,Zscore,3921,"{'Recurrent': 32, 'Dense': 56, 'Dropout': 0.5, 'L2': False}"
776,1.5246980587677876,2.3247041704102602,5.4065281552945095,0.9696064875057564,0.8784362636183345,RNN,24,30,1011,Zscore,73729,"{'Recurrent': 256, 'Dense': 0, 'Dropout': 0, 'L2': True}"
777,1.6081542978169083,2.5861602455869934,5.729079882589431,1.002018502475286,0.8647641681307782,RNN,24,30,1011,Zscore,73729,"{'Recurrent': 256, 'Dense': 0, 'Dropout': 0, 'L2': False}"
778,1.3404773514174462,1.7968795296631312,5.078685442892166,0.8991193807441699,0.9060373391875359,RNN,24,30,1011,Zscore,73729,"{'Recurrent': 256, 'Dense': 0, 'Dropout': 0.5, 'L2': True}"
779,1.43284067403831,2.0530323971785585,5.660350481954666,0.9337162379055933,0.8926425597328418,RNN,24,30,1011,Zscore,73729,"{'Recurrent': 256, 'Dense': 0, 'Dropout': 0.5, 'L2': False}"
780,1.3742125826909253,1.8884602224260632,4.707042376485916,0.9348356133817672,0.9012483895506801,RNN,24,30,1011,Zscore,87921,"{'Recurrent': 256, 'Dense': 56, 'Dropout': 0, 'L2': True}"
781,1.4532693389536733,2.1119917715428462,5.785339037862869,0.9155929540569608,0.8895594483702535,RNN,24,30,1011,Zscore,87921,"{'Recurrent': 256, 'Dense': 56, 'Dropout': 0, 'L2': False}"
782,1.3272728587564797,1.7616532415915984,4.5871006650601345,0.916936152216481,0.9078793968787202,RNN,24,30,1011,Zscore,87921,"{'Recurrent': 256, 'Dense': 56, 'Dropout': 0.5, 'L2': True}"
783,1.3969063225272011,1.9513472739164692,3.7514874143277126,1.1167905293341989,0.8979598915789787,RNN,24,30,1011,Zscore,87921,"{'Recurrent': 256, 'Dense': 56, 'Dropout': 0.5, 'L2': False}"
784,2.4481941451640044,5.993654572415311,6.898378110366522,1.7218430914080376,0.686579026407788,GRU,24,30,1011,Zscore,6177,"{'Recurrent': 32, 'Dense': 0, 'Dropout': 0, 'L2': True}"
785,2.787259880608641,7.768817642050495,7.603341879323679,1.9414501759010108,0.5937519655807253,GRU,24,30,1011,Zscore,6177,"{'Recurrent': 32, 'Dense': 0, 'Dropout': 0, 'L2': False}"
786,1.9389482084080967,3.759520154888968,5.698118514011838,1.3903158137841303,0.8034066773537785,GRU,24,30,1011,Zscore,6177,"{'Recurrent': 32, 'Dense': 0, 'Dropout': 0.5, 'L2': True}"
787,2.677714843823589,7.170156784833189,6.420545704123995,1.870300463928454,0.6250572179027629,GRU,24,30,1011,Zscore,6177,"{'Recurrent': 32, 'Dense': 0, 'Dropout': 0.5, 'L2': False}"
788,2.2383703781477857,5.0103019497694605,6.284422224949338,1.6249773382994364,0.7380006311483359,GRU,24,30,1011,Zscore,8049,"{'Recurrent': 32, 'Dense': 56, 'Dropout': 0, 'L2': True}"
789,2.392422324525822,5.7236845788895385,5.714933699558713,1.7357679045021923,0.7006963328339796,GRU,24,30,1011,Zscore,8049,"{'Recurrent': 32, 'Dense': 56, 'Dropout': 0, 'L2': False}"
790,2.6934387205361916,7.254612141283637,6.2751252417141785,1.928087145052021,0.6206408672899665,GRU,24,30,1011,Zscore,8049,"{'Recurrent': 32, 'Dense': 56, 'Dropout': 0.5, 'L2': True}"
791,2.50778908299941,6.289006084811022,5.758253540373097,1.897458645417241,0.6711344662569529,GRU,24,30,1011,Zscore,8049,"{'Recurrent': 32, 'Dense': 56, 'Dropout': 0.5, 'L2': False}"
792,2.373594574450946,5.633951203862969,7.330496138523557,1.7181007468263965,0.7053886822886811,GRU,24,30,1011,Zscore,221441,"{'Recurrent': 256, 'Dense': 0, 'Dropout': 0, 'L2': True}"
793,2.1974207599510454,4.82865799626383,6.809679335545042,1.5338098473810602,0.74749918066717,GRU,24,30,1011,Zscore,221441,"{'Recurrent': 256, 'Dense': 0, 'Dropout': 0, 'L2': False}"
794,2.162264637589657,4.675388362970732,6.368528670261838,1.5825865724781305,0.7555139764997376,GRU,24,30,1011,Zscore,221441,"{'Recurrent': 256, 'Dense': 0, 'Dropout': 0.5, 'L2': True}"
795,2.1461298879605373,4.605873495997508,7.30921012778137,1.524056245363437,0.7591490570708058,GRU,24,30,1011,Zscore,221441,"{'Recurrent': 256, 'Dense': 0, 'Dropout': 0.5, 'L2': False}"
796,1.5626268327172503,2.4418026183279458,4.905042952488401,1.055374904246237,0.8723129361711025,GRU,24,30,1011,Zscore,235633,"{'Recurrent': 256, 'Dense': 56, 'Dropout': 0, 'L2': True}"
797,1.4656994376286674,2.148274841464992,4.465528792332151,1.0339605589394247,0.8876621293034774,GRU,24,30,1011,Zscore,235633,"{'Recurrent': 256, 'Dense': 56, 'Dropout': 0, 'L2': False}"
798,1.4895100259292615,2.218640117343789,4.520681685398557,1.0685092914345071,0.8839825790380156,GRU,24,30,1011,Zscore,235633,"{'Recurrent': 256, 'Dense': 56, 'Dropout': 0.5, 'L2': True}"
799,1.9160814463196263,3.6713681089303107,6.100206679295042,1.3993394236101537,0.8080163357407772,GRU,24,30,1011,Zscore,235633,"{'Recurrent': 256, 'Dense': 56, 'Dropout': 0.5, 'L2': False}"
800,2.0683497316824546,4.2780706125508825,6.270891493748167,1.444434649120046,0.776290568586838,LSTM,24,30,1011,Zscore,8097,"{'Recurrent': 32, 'Dense': 0, 'Dropout': 0, 'L2': True}"
801,2.2532384944152883,5.077083712714875,6.48737174887512,1.5468140295023733,0.7345084704127329,LSTM,24,30,1011,Zscore,8097,"{'Recurrent': 32, 'Dense': 0, 'Dropout': 0, 'L2': False}"
802,2.318188015098488,5.3739956733462675,6.370176619480588,1.6197238892167756,0.7189823110974216,LSTM,24,30,1011,Zscore,8097,"{'Recurrent': 32, 'Dense': 0, 'Dropout': 0.5, 'L2': True}"
803,2.6543759721102314,7.045711801316137,6.481958212331492,1.9052036654302105,0.631564711356271,LSTM,24,30,1011,Zscore,8097,"{'Recurrent': 32, 'Dense': 0, 'Dropout': 0.5, 'L2': False}"
804,2.6157766462735306,6.842287463189999,6.479345059829413,1.8700537843959142,0.6422022036137123,LSTM,24,30,1011,Zscore,9969,"{'Recurrent': 32, 'Dense': 56, 'Dropout': 0, 'L2': True}"
805,2.3864659725302126,5.695219838044573,6.731428450535276,1.6288086225905,0.7021848148078554,LSTM,24,30,1011,Zscore,9969,"{'Recurrent': 32, 'Dense': 56, 'Dropout': 0, 'L2': False}"
806,2.47335171002495,6.117468681483344,6.593744016128241,1.7193860077362912,0.6801045227239835,LSTM,24,30,1011,Zscore,9969,"{'Recurrent': 32, 'Dense': 56, 'Dropout': 0.5, 'L2': True}"
807,2.4650243330078694,6.076344962320892,6.436097836929022,1.7678076759040833,0.6822549696578037,LSTM,24,30,1011,Zscore,9969,"{'Recurrent': 32, 'Dense': 56, 'Dropout': 0.5, 'L2': False}"
808,2.167892455861858,4.699757700182759,6.638735121677854,1.4730952980208116,0.7542396519115402,LSTM,24,30,1011,Zscore,294145,"{'Recurrent': 256, 'Dense': 0, 'Dropout': 0, 'L2': True}"
809,2.2871448776370764,5.231031691301518,6.386801070164182,1.5978751825887638,0.7264582024588133,LSTM,24,30,1011,Zscore,294145,"{'Recurrent': 256, 'Dense': 0, 'Dropout': 0, 'L2': False}"
810,2.324156283720241,5.401702431156281,6.586206740330198,1.623332078066809,0.7175334656721508,LSTM,24,30,1011,Zscore,294145,"{'Recurrent': 256, 'Dense': 0, 'Dropout': 0.5, 'L2': True}"
811,2.2410199630157974,5.022170474635326,6.567613905857542,1.5536997858126405,0.7373800006842977,LSTM,24,30,1011,Zscore,294145,"{'Recurrent': 256, 'Dense': 0, 'Dropout': 0.5, 'L2': False}"
812,1.7296083479761568,2.9915450373888106,5.073085467306228,1.127151871131764,0.8435657332542082,LSTM,24,30,1011,Zscore,308337,"{'Recurrent': 256, 'Dense': 56, 'Dropout': 0, 'L2': True}"
813,2.191290745683514,4.8017551321182115,6.696790999363401,1.5086011730480782,0.7489059887791598,LSTM,24,30,1011,Zscore,308337,"{'Recurrent': 256, 'Dense': 56, 'Dropout': 0, 'L2': False}"
814,1.6583079934060982,2.74998540099456,4.788420027683713,1.1626280745060211,0.8561974015468234,LSTM,24,30,1011,Zscore,308337,"{'Recurrent': 256, 'Dense': 56, 'Dropout': 0.5, 'L2': True}"
815,2.1209793421334298,4.498553369756756,6.921289748142698,1.4817379051259454,0.7647610552342003,LSTM,24,30,1011,Zscore,308337,"{'Recurrent': 256, 'Dense': 56, 'Dropout': 0.5, 'L2': False}"
816,0.8591940048243708,0.7382143379261409,2.272390807018809,0.6377885497618125,0.8102958763719289,RNN,24,30,9486,Zscore,2049,"{'Recurrent': 32, 'Dense': 0, 'Dropout': 0, 'L2': True}"
817,0.7955631087336313,0.6329206599779197,2.2481827381711526,0.5967555464645434,0.8373539323761758,RNN,24,30,9486,Zscore,2049,"{'Recurrent': 32, 'Dense': 0, 'Dropout': 0, 'L2': False}"
818,1.406132450303585,1.9772084677967643,4.0714877645001195,0.9750157742804779,0.4919028521349119,RNN,24,30,9486,Zscore,2049,"{'Recurrent': 32, 'Dense': 0, 'Dropout': 0.5, 'L2': True}"
819,1.3057875002176835,1.705080995724747,3.1122937252008995,0.978140768114745,0.5618333600542927,RNN,24,30,9486,Zscore,2049,"{'Recurrent': 32, 'Dense': 0, 'Dropout': 0.5, 'L2': False}"
820,1.018950308253999,1.0382597306909198,2.6603778401837133,0.7501239170287347,0.7331911042768932,RNN,24,30,9486,Zscore,3921,"{'Recurrent': 32, 'Dense': 56, 'Dropout': 0, 'L2': True}"
821,1.0121582566674299,1.024464336540051,2.7054693514982375,0.8025238805494942,0.7367362036105723,RNN,24,30,9486,Zscore,3921,"{'Recurrent': 32, 'Dense': 56, 'Dropout': 0, 'L2': False}"
822,0.7454210869238285,0.5556525968307019,2.0946411732297463,0.5415096857910492,0.8572100492933306,RNN,24,30,9486,Zscore,3921,"{'Recurrent': 32, 'Dense': 56, 'Dropout': 0.5, 'L2': True}"
823,1.0486254095373662,1.0996152495274087,3.193214814186547,0.7696525258207119,0.7174241456408414,RNN,24,30,9486,Zscore,3921,"{'Recurrent': 32, 'Dense': 56, 'Dropout': 0.5, 'L2': False}"
824,0.79393957998543,0.6303400566674409,2.1971439523701406,0.5783247228825971,0.8380170881350052,RNN,24,30,9486,Zscore,73729,"{'Recurrent': 256, 'Dense': 0, 'Dropout': 0, 'L2': True}"
825,1.0788172639647275,1.1638466890283405,2.888382355690453,0.738859877236724,0.7009181414712058,RNN,24,30,9486,Zscore,73729,"{'Recurrent': 256, 'Dense': 0, 'Dropout': 0, 'L2': False}"
826,0.6990165990046423,0.4886242056840168,2.102565190061469,0.4755610002202146,0.8744348057731399,RNN,24,30,9486,Zscore,73729,"{'Recurrent': 256, 'Dense': 0, 'Dropout': 0.5, 'L2': True}"
827,0.6434596729327864,0.4140403506907685,1.9792923573117776,0.45702438845832566,0.893601142867114,RNN,24,30,9486,Zscore,73729,"{'Recurrent': 256, 'Dense': 0, 'Dropout': 0.5, 'L2': False}"
828,0.8340738457496394,0.6956791801635933,2.2944673507060003,0.6140351141364703,0.8212264346287548,RNN,24,30,9486,Zscore,87921,"{'Recurrent': 256, 'Dense': 56, 'Dropout': 0, 'L2': True}"
829,0.9680881677688757,0.9371947005740988,2.516627690061469,0.7208768121017284,0.759162494945919,RNN,24,30,9486,Zscore,87921,"{'Recurrent': 256, 'Dense': 56, 'Dropout': 0, 'L2': False}"
830,0.7751684771824532,0.6008861680173634,2.2134508101786565,0.5717161719921373,0.8455860607852774,RNN,24,30,9486,Zscore,87921,"{'Recurrent': 256, 'Dense': 56, 'Dropout': 0.5, 'L2': True}"
831,0.813653663166641,0.6620322835844937,2.259364506467719,0.5666155270142598,0.8298729139781995,RNN,24,30,9486,Zscore,87921,"{'Recurrent': 256, 'Dense': 56, 'Dropout': 0.5, 'L2': False}"
832,1.12689773720272,1.2698985101126108,3.355812470436547,0.770477835788658,0.6736652601000973,GRU,24,30,9486,Zscore,6177,"{'Recurrent': 32, 'Dense': 0, 'Dropout': 0, 'L2': True}"
833,0.6819249368485653,0.46502161949591964,1.9335999134641213,0.5107984228292045,0.8805001281302587,GRU,24,30,9486,Zscore,6177,"{'Recurrent': 32, 'Dense': 0, 'Dropout': 0, 'L2': False}"
834,1.1430246967928823,1.3065054574784607,3.1978305379376195,0.7548713032912039,0.6642581157086098,GRU,24,30,9486,Zscore,6177,"{'Recurrent': 32, 'Dense': 0, 'Dropout': 0.5, 'L2': True}"
835,1.227519237050838,1.5068034773298715,3.0240510909403753,0.9381221185151836,0.6127861266558159,GRU,24,30,9486,Zscore,6177,"{'Recurrent': 32, 'Dense': 0, 'Dropout': 0.5, 'L2': False}"
836,0.7623060344828336,0.5811104902089431,2.140193363889594,0.5400370488682924,0.8506679556158987,GRU,24,30,9486,Zscore,8049,"{'Recurrent': 32, 'Dense': 56, 'Dropout': 0, 'L2': True}"
837,0.6584539731585091,0.4335616347682266,2.1148743275266213,0.4428620910850741,0.8885846213803974,GRU,24,30,9486,Zscore,8049,"{'Recurrent': 32, 'Dense': 56, 'Dropout': 0, 'L2': False}"
838,0.7142566370934788,0.5101625436320854,1.971980473264594,0.5059629065037432,0.8688999477855234,GRU,24,30,9486,Zscore,8049,"{'Recurrent': 32, 'Dense': 56, 'Dropout': 0.5, 'L2': True}"
839,0.7000436230234739,0.4900610741358316,2.147883793577094,0.4720231148276123,0.8740655635945254,GRU,24,30,9486,Zscore,8049,"{'Recurrent': 32, 'Dense': 56, 'Dropout': 0.5, 'L2': False}"
840,1.1889477948445928,1.4135968588658199,3.969917695045922,0.7819281847017926,0.6367380860850136,GRU,24,30,9486,Zscore,221441,"{'Recurrent': 256, 'Dense': 0, 'Dropout': 0, 'L2': True}"
841,1.1241732958407473,1.2637655990814483,3.726303498268578,0.7218417427576864,0.6752412773252897,GRU,24,30,9486,Zscore,221441,"{'Recurrent': 256, 'Dense': 0, 'Dropout': 0, 'L2': False}"
842,1.0490795954164707,1.100567997519186,3.366096894264672,0.6773619298819118,0.7171793112973007,GRU,24,30,9486,Zscore,221441,"{'Recurrent': 256, 'Dense': 0, 'Dropout': 0.5, 'L2': True}"
843,0.9616339717857777,0.9247398956924898,3.290504853249047,0.6084331262406002,0.7623630936387891,GRU,24,30,9486,Zscore,221441,"{'Recurrent': 256, 'Dense': 0, 'Dropout': 0.5, 'L2': False}"
844,0.776181705237171,0.6024580395448826,2.066859623655219,0.5525124825791032,0.8451821259180385,GRU,24,30,9486,Zscore,235633,"{'Recurrent': 256, 'Dense': 56, 'Dropout': 0, 'L2': True}"
845,0.7705382672378661,0.5937292212779333,2.1610139815653753,0.5391954882307032,0.8474252316592413,GRU,24,30,9486,Zscore,235633,"{'Recurrent': 256, 'Dense': 56, 'Dropout': 0, 'L2': False}"
846,0.7439960266984394,0.553530087743065,2.091334721311469,0.5267596380887154,0.8577554853620664,GRU,24,30,9486,Zscore,235633,"{'Recurrent': 256, 'Dense': 56, 'Dropout': 0.5, 'L2': True}"
847,0.8146909306156608,0.6637213124274114,2.3887256784443593,0.5400864314390957,0.8294388723727109,GRU,24,30,9486,Zscore,235633,"{'Recurrent': 256, 'Dense': 56, 'Dropout': 0.5, 'L2': False}"
848,0.8369221944732934,0.7004387596019932,2.7888492746357656,0.5460540114879676,0.8200033320692239,LSTM,24,30,9486,Zscore,8097,"{'Recurrent': 32, 'Dense': 0, 'Dropout': 0, 'L2': True}"
849,0.8886622846341032,0.7897206561311039,3.100136200905297,0.5917416183466644,0.7970599360028613,LSTM,24,30,9486,Zscore,8097,"{'Recurrent': 32, 'Dense': 0, 'Dropout': 0, 'L2': False}"
850,1.1267490286615796,1.2695633735898129,3.055649201393578,0.7893525928303722,0.6737513824863568,LSTM,24,30,9486,Zscore,8097,"{'Recurrent': 32, 'Dense': 0, 'Dropout': 0.5, 'L2': True}"
851,1.0793793606901427,1.1650598042838614,3.459755341530297,0.6798325940558231,0.7006063987230834,LSTM,24,30,9486,Zscore,8097,"{'Recurrent': 32, 'Dense': 0, 'Dropout': 0.5, 'L2': False}"
852,0.7180388433977349,0.515579780627957,1.8081773726786565,0.5221636800327459,0.867507842344068,LSTM,24,30,9486,Zscore,9969,"{'Recurrent': 32, 'Dense': 56, 'Dropout': 0, 'L2': True}"
853,0.7613907886771375,0.5797159330823934,2.184291264280219,0.5351039422735496,0.8510263247560655,LSTM,24,30,9486,Zscore,9969,"{'Recurrent': 32, 'Dense': 56, 'Dropout': 0, 'L2': False}"
854,0.6536484629433358,0.42725631310818535,1.7734788863505315,0.4477798226353112,0.8902049441759035,LSTM,24,30,9486,Zscore,9969,"{'Recurrent': 32, 'Dense': 56, 'Dropout': 0.5, 'L2': True}"
855,0.8700447654700286,0.756977893921797,3.028664032936547,0.5492251560916449,0.8054740735926684,LSTM,24,30,9486,Zscore,9969,"{'Recurrent': 32, 'Dense': 56, 'Dropout': 0.5, 'L2': False}"
856,1.2510023336545806,1.5650068388092067,3.677994172096703,0.8633483176151158,0.5978292000365584,LSTM,24,30,9486,Zscore,294145,"{'Recurrent': 256, 'Dense': 0, 'Dropout': 0, 'L2': True}"
857,1.75880829592288,3.0934066218071443,3.422256867409203,1.3513110449434513,0.20506557233258504,LSTM,24,30,9486,Zscore,294145,"{'Recurrent': 256, 'Dense': 0, 'Dropout': 0, 'L2': False}"
858,1.705607012052308,2.9090952795620013,3.3783678023661565,1.3165836244964437,0.2524293525506097,LSTM,24,30,9486,Zscore,294145,"{'Recurrent': 256, 'Dense': 0, 'Dropout': 0.5, 'L2': True}"
859,1.7697390443453138,3.1319762850802646,3.4705003707255315,1.3761687547549646,0.19515405504830674,LSTM,24,30,9486,Zscore,294145,"{'Recurrent': 256, 'Dense': 0, 'Dropout': 0.5, 'L2': False}"
860,0.8195220869893578,0.6716164510633925,2.2133487863545156,0.5750633715109567,0.8274100031420366,LSTM,24,30,9486,Zscore,308337,"{'Recurrent': 256, 'Dense': 56, 'Dropout': 0, 'L2': True}"
861,1.0922011645044818,1.1929033837449459,3.7539905710224843,0.6679497096832661,0.6934512385359047,LSTM,24,30,9486,Zscore,308337,"{'Recurrent': 256, 'Dense': 56, 'Dropout': 0, 'L2': False}"
862,0.8022558351835826,0.6436144250861076,2.0288576094950628,0.540436798029497,0.8346058804434102,LSTM,24,30,9486,Zscore,308337,"{'Recurrent': 256, 'Dense': 56, 'Dropout': 0.5, 'L2': True}"
863,1.1123919665815116,1.2374158873150831,4.013512055397484,0.7342894814325491,0.6820125478380424,LSTM,24,30,9486,Zscore,308337,"{'Recurrent': 256, 'Dense': 56, 'Dropout': 0.5, 'L2': False}"
864,1.1572389804219918,1.3392020578081312,2.7681364587398605,0.9125173313007963,0.10624762387711029,RNN,24,30,9526,Zscore,2049,"{'Recurrent': 32, 'Dense': 0, 'Dropout': 0, 'L2': True}"
865,1.363073713553229,1.8579699485797903,2.9442786541243606,1.1082928732925381,-0.23996602799875766,RNN,24,30,9526,Zscore,2049,"{'Recurrent': 32, 'Dense': 0, 'Dropout': 0, 'L2': False}"
866,1.1366749101434552,1.2920298513496322,2.684809680510611,0.8981181186526612,0.13772925979861306,RNN,24,30,9526,Zscore,2049,"{'Recurrent': 32, 'Dense': 0, 'Dropout': 0.5, 'L2': True}"
867,0.9379396869125476,0.8797308562856079,2.533819970504638,0.7411592017560693,0.4128880413753553,RNN,24,30,9526,Zscore,2049,"{'Recurrent': 32, 'Dense': 0, 'Dropout': 0.5, 'L2': False}"
868,0.914637384422384,0.8365615449830198,1.7054148225341237,0.7617828007263192,0.441698237960197,RNN,24,30,9526,Zscore,3921,"{'Recurrent': 32, 'Dense': 56, 'Dropout': 0, 'L2': True}"
869,1.281815779663136,1.643051692993413,2.5936567277980203,1.0441861829069226,-0.09653457157096934,RNN,24,30,9526,Zscore,3921,"{'Recurrent': 32, 'Dense': 56, 'Dropout': 0, 'L2': False}"
870,1.008459153671171,1.016989864623174,2.9529151287337356,0.7869752179125122,0.3212845644162816,RNN,24,30,9526,Zscore,3921,"{'Recurrent': 32, 'Dense': 56, 'Dropout': 0.5, 'L2': True}"
871,1.095424822645207,1.1999555420672832,2.1995581951399856,0.9355774602532214,0.19917751715543042,RNN,24,30,9526,Zscore,3921,"{'Recurrent': 32, 'Dense': 56, 'Dropout': 0.5, 'L2': False}"
872,0.94892230279658,0.9004535367447641,2.266666845873459,0.6961918380178787,0.39905820532334135,RNN,24,30,9526,Zscore,73729,"{'Recurrent': 256, 'Dense': 0, 'Dropout': 0, 'L2': True}"
873,1.0490504814781128,1.1005069126894602,2.7311972942610794,0.8251340883478016,0.26554722461695224,RNN,24,30,9526,Zscore,73729,"{'Recurrent': 256, 'Dense': 0, 'Dropout': 0, 'L2': False}"
874,0.9458752918921995,0.8946800678121537,2.2818030681868606,0.7530402689399132,0.40291128451098657,RNN,24,30,9526,Zscore,73729,"{'Recurrent': 256, 'Dense': 0, 'Dropout': 0.5, 'L2': True}"
875,1.3567508727045416,1.8407729305845355,3.013393835619553,1.1672301548944275,-0.22848913725932496,RNN,24,30,9526,Zscore,73729,"{'Recurrent': 256, 'Dense': 0, 'Dropout': 0.5, 'L2': False}"
876,1.0308700420593728,1.062693043615493,2.3230933513899856,0.8332792777819762,0.2907833233357462,RNN,24,30,9526,Zscore,87921,"{'Recurrent': 256, 'Dense': 56, 'Dropout': 0, 'L2': True}"
877,1.0555556679854599,1.1141977682162303,2.2780722942610794,0.8516550151316686,0.25641026534567324,RNN,24,30,9526,Zscore,87921,"{'Recurrent': 256, 'Dense': 56, 'Dropout': 0, 'L2': False}"
878,1.0090473058517269,1.0181764654466285,2.4073142376204544,0.828213008160018,0.32049265456273224,RNN,24,30,9526,Zscore,87921,"{'Recurrent': 256, 'Dense': 56, 'Dropout': 0.5, 'L2': True}"
879,1.0845784616519762,1.176310439479367,2.6127333215328292,0.8736033241519173,0.2149577099190284,RNN,24,30,9526,Zscore,87921,"{'Recurrent': 256, 'Dense': 56, 'Dropout': 0.5, 'L2': False}"
880,1.0158537499447156,1.0319588412767409,2.1671309045406417,0.7854657742661246,0.31129461676480463,GRU,24,30,9526,Zscore,6177,"{'Recurrent': 32, 'Dense': 0, 'Dropout': 0, 'L2': True}"
881,1.0686373674151257,1.1419858230359305,2.187432723388298,0.8268664999927026,0.23786516240311295,GRU,24,30,9526,Zscore,6177,"{'Recurrent': 32, 'Dense': 0, 'Dropout': 0, 'L2': False}"
882,0.9805533236051519,0.9614848204331098,2.5066211790007316,0.7277577821554673,0.35832734286964574,GRU,24,30,9526,Zscore,6177,"{'Recurrent': 32, 'Dense': 0, 'Dropout': 0.5, 'L2': True}"
883,0.9656081539407326,0.9323991069568297,2.327599959716423,0.7318952294219429,0.37773847308639696,GRU,24,30,9526,Zscore,6177,"{'Recurrent': 32, 'Dense': 0, 'Dropout': 0.5, 'L2': False}"
884,1.1727106560534122,1.3752502828212243,2.953655180003267,0.9361202909731539,0.08218987503135644,GRU,24,30,9526,Zscore,8049,"{'Recurrent': 32, 'Dense': 56, 'Dropout': 0, 'L2': True}"
885,1.1219194330866773,1.2587032143375312,2.6964099973601066,0.845618595186265,0.15997068396913783,GRU,24,30,9526,Zscore,8049,"{'Recurrent': 32, 'Dense': 56, 'Dropout': 0, 'L2': False}"
886,1.1053678465827412,1.2218380762589667,2.495032128707763,0.8828310512243952,0.1845736216376641,GRU,24,30,9526,Zscore,8049,"{'Recurrent': 32, 'Dense': 56, 'Dropout': 0.5, 'L2': True}"
887,1.055453797938559,1.1139827195829284,2.548168119456392,0.8370047605729297,0.25655378381316285,GRU,24,30,9526,Zscore,8049,"{'Recurrent': 32, 'Dense': 56, 'Dropout': 0.5, 'L2': False}"
888,0.9002349476233107,0.810422960922345,2.1606306604000167,0.6718139983134392,0.45914252239547604,GRU,24,30,9526,Zscore,221441,"{'Recurrent': 256, 'Dense': 0, 'Dropout': 0, 'L2': True}"
889,0.9154011932811684,0.8379593446605871,2.1189231243392044,0.701456566576045,0.4407653788924517,GRU,24,30,9526,Zscore,221441,"{'Recurrent': 256, 'Dense': 0, 'Dropout': 0, 'L2': False}"
890,0.9338556819597669,0.8720864347285412,2.1265043786617355,0.7124942125190288,0.41798975092760593,GRU,24,30,9526,Zscore,221441,"{'Recurrent': 256, 'Dense': 0, 'Dropout': 0.5, 'L2': True}"
891,0.8857301768443228,0.7845179461726752,2.0994886926265792,0.6649892626688783,0.47643092809275356,GRU,24,30,9526,Zscore,221441,"{'Recurrent': 256, 'Dense': 0, 'Dropout': 0.5, 'L2': False}"
892,1.0222333088390572,1.0449609377000473,2.5026511516829544,0.810493194893047,0.3026173193359697,GRU,24,30,9526,Zscore,235633,"{'Recurrent': 256, 'Dense': 56, 'Dropout': 0, 'L2': True}"
893,0.9306264873560357,0.8660656589686336,1.9582304528804855,0.7294948184633384,0.4220078769528359,GRU,24,30,9526,Zscore,235633,"{'Recurrent': 256, 'Dense': 56, 'Dropout': 0, 'L2': False}"
894,1.0581684917144412,1.1197205568572155,2.4554480877181106,0.87480340808969,0.25272448436742134,GRU,24,30,9526,Zscore,235633,"{'Recurrent': 256, 'Dense': 56, 'Dropout': 0.5, 'L2': True}"
895,0.9571036717898868,0.9160474385536833,2.1615919641109542,0.7252983970345497,0.3886511971250718,GRU,24,30,9526,Zscore,235633,"{'Recurrent': 256, 'Dense': 56, 'Dropout': 0.5, 'L2': False}"
896,1.4472177983928507,2.09443935598505,3.044356164352294,1.1838634938495218,-0.3977802230386982,LSTM,24,30,9526,Zscore,8097,"{'Recurrent': 32, 'Dense': 0, 'Dropout': 0, 'L2': True}"
897,1.2291523534732496,1.5108155080488281,2.5028090051265792,0.9839683996563551,-0.008283210385724438,LSTM,24,30,9526,Zscore,8097,"{'Recurrent': 32, 'Dense': 0, 'Dropout': 0, 'L2': False}"
898,1.7173323354934165,2.9492303505312725,2.9690769285124503,1.542491376451482,-0.9682478966879795,LSTM,24,30,9526,Zscore,8097,"{'Recurrent': 32, 'Dense': 0, 'Dropout': 0.5, 'L2': True}"
899,1.0161588720046362,1.0325788531537348,2.463860946044548,0.7649704768778485,0.310880835225972,LSTM,24,30,9526,Zscore,8097,"{'Recurrent': 32, 'Dense': 0, 'Dropout': 0.5, 'L2': False}"
900,1.0985630729801432,1.2068408253155756,2.5057944622298294,0.8746011467428936,0.19458243889404214,LSTM,24,30,9526,Zscore,9969,"{'Recurrent': 32, 'Dense': 56, 'Dropout': 0, 'L2': True}"
901,1.0408647286601806,1.0833993833688313,2.261341032054048,0.8143437945300782,0.276964392691596,LSTM,24,30,9526,Zscore,9969,"{'Recurrent': 32, 'Dense': 56, 'Dropout': 0, 'L2': False}"
902,1.0636239744409728,1.131295959005611,2.6978061765593253,0.7569265389191507,0.24499932959007653,LSTM,24,30,9526,Zscore,9969,"{'Recurrent': 32, 'Dense': 56, 'Dropout': 0.5, 'L2': True}"
903,1.1378466127083209,1.2946949140517998,2.489973840133544,0.8918154936479716,0.1359506587961048,LSTM,24,30,9526,Zscore,9969,"{'Recurrent': 32, 'Dense': 56, 'Dropout': 0.5, 'L2': False}"
904,1.3422981239478557,1.801764253553933,3.1720569700163566,0.9101288092705069,-0.20245565143674993,LSTM,24,30,9526,Zscore,294145,"{'Recurrent': 256, 'Dense': 0, 'Dropout': 0, 'L2': True}"
905,1.4709746968684299,2.1637665588271693,3.1396473020476066,1.1485495061175883,-0.4440475894221625,LSTM,24,30,9526,Zscore,294145,"{'Recurrent': 256, 'Dense': 0, 'Dropout': 0, 'L2': False}"
906,1.4787583845372105,2.186726359839101,3.2361133665007316,1.1509050727405445,-0.4593704278169213,LSTM,24,30,9526,Zscore,294145,"{'Recurrent': 256, 'Dense': 0, 'Dropout': 0.5, 'L2': True}"
907,1.5054542781158382,2.2663925834972796,3.1540236047359542,1.2167400718250172,-0.5125378167677499,LSTM,24,30,9526,Zscore,294145,"{'Recurrent': 256, 'Dense': 0, 'Dropout': 0.5, 'L2': False}"
908,1.117422694282223,1.2486334776969426,2.678630765940767,0.878745336749521,0.16669099252674857,LSTM,24,30,9526,Zscore,308337,"{'Recurrent': 256, 'Dense': 56, 'Dropout': 0, 'L2': True}"
909,0.8906677871564125,0.7932891070781004,2.2103895715328292,0.6901812334067721,0.4705772588462992,LSTM,24,30,9526,Zscore,308337,"{'Recurrent': 256, 'Dense': 56, 'Dropout': 0, 'L2': False}"
910,1.076385066960061,1.1586048123746149,2.670879301097017,0.7927290507265361,0.22677403457545697,LSTM,24,30,9526,Zscore,308337,"{'Recurrent': 256, 'Dense': 56, 'Dropout': 0.5, 'L2': True}"
911,0.8886329582165431,0.7896685344286845,2.0815138391109542,0.6682730455405611,0.4729935450142261,LSTM,24,30,9526,Zscore,308337,"{'Recurrent': 256, 'Dense': 56, 'Dropout': 0.5, 'L2': False}"
912,0.9653959579559862,0.9319893556377563,2.9752060357819374,0.7684376099481948,0.779636615155106,RNN,24,30,9636,Zscore,2049,"{'Recurrent': 32, 'Dense': 0, 'Dropout': 0, 'L2': True}"
913,0.9969228363926733,0.9938551417212128,3.9128357354889687,0.7779259288151135,0.7650088150145007,RNN,24,30,9636,Zscore,2049,"{'Recurrent': 32, 'Dense': 0, 'Dropout': 0, 'L2': False}"
914,0.8671400871849707,0.7519319308031586,3.071694910669791,0.6761576893232848,0.8222101310037452,RNN,24,30,9636,Zscore,2049,"{'Recurrent': 32, 'Dense': 0, 'Dropout': 0.5, 'L2': True}"
915,1.0868080774509508,1.181151797212632,2.793527186060416,0.8975055331858448,0.7207236257850873,RNN,24,30,9636,Zscore,2049,"{'Recurrent': 32, 'Dense': 0, 'Dropout': 0.5, 'L2': False}"
916,0.802064355828848,0.643307230891145,2.752877771997916,0.6103684646828722,0.847893800463674,RNN,24,30,9636,Zscore,3921,"{'Recurrent': 32, 'Dense': 56, 'Dropout': 0, 'L2': True}"
917,0.9441137397493929,0.8913507535835845,3.18927158753975,0.7201581313854768,0.789245372862316,RNN,24,30,9636,Zscore,3921,"{'Recurrent': 32, 'Dense': 56, 'Dropout': 0, 'L2': False}"
918,0.9839884735255452,0.9682333160311326,3.6179138604889687,0.7546455728390374,0.7710669445422873,RNN,24,30,9636,Zscore,3921,"{'Recurrent': 32, 'Dense': 56, 'Dropout': 0.5, 'L2': True}"
919,0.956471452144555,0.9148376387675138,3.9053207818756874,0.6864347626964297,0.7836920374220713,RNN,24,30,9636,Zscore,3921,"{'Recurrent': 32, 'Dense': 56, 'Dropout': 0.5, 'L2': False}"
920,0.789558208350402,0.6234021643734968,1.9069869514304543,0.6536507730369818,0.8526002360113099,RNN,24,30,9636,Zscore,73729,"{'Recurrent': 256, 'Dense': 0, 'Dropout': 0, 'L2': True}"
921,0.8624775041419941,0.7438674451510034,2.657510340357291,0.664725481700522,0.8241169310595526,RNN,24,30,9636,Zscore,73729,"{'Recurrent': 256, 'Dense': 0, 'Dropout': 0, 'L2': False}"
922,0.7789290284123377,0.6067304313033884,2.1666206287987677,0.6110609814584125,0.8565421689404102,RNN,24,30,9636,Zscore,73729,"{'Recurrent': 256, 'Dense': 0, 'Dropout': 0.5, 'L2': True}"
923,0.8611561247602865,0.741589871212154,2.906747400904166,0.6542596912527239,0.8246554499807863,RNN,24,30,9636,Zscore,73729,"{'Recurrent': 256, 'Dense': 0, 'Dropout': 0.5, 'L2': False}"
924,0.7684898614080089,0.5905766670869007,2.4028182627205723,0.5994762095898418,0.860361631189843,RNN,24,30,9636,Zscore,87921,"{'Recurrent': 256, 'Dense': 56, 'Dropout': 0, 'L2': True}"
925,0.8064534209801013,0.6503671202105086,2.3293807502585793,0.6510521886254939,0.8462245312841128,RNN,24,30,9636,Zscore,87921,"{'Recurrent': 256, 'Dense': 56, 'Dropout': 0, 'L2': False}"
926,0.8248268270583886,0.6803392946352089,2.751405298853385,0.6234579939044295,0.8391377874630217,RNN,24,30,9636,Zscore,87921,"{'Recurrent': 256, 'Dense': 56, 'Dropout': 0.5, 'L2': True}"
927,0.9366078292579768,0.8772342258273395,3.1434875132088536,0.7015719945631805,0.7925831425694543,RNN,24,30,9636,Zscore,87921,"{'Recurrent': 256, 'Dense': 56, 'Dropout': 0.5, 'L2': False}"
928,0.8297052543876311,0.6884108091584435,2.6275573374276036,0.633091313181638,0.8372293254721145,GRU,24,30,9636,Zscore,6177,"{'Recurrent': 32, 'Dense': 0, 'Dropout': 0, 'L2': True}"
929,0.7905897615867166,0.6250321711257413,2.420175135279166,0.6386828060935894,0.8522148305310092,GRU,24,30,9636,Zscore,6177,"{'Recurrent': 32, 'Dense': 0, 'Dropout': 0, 'L2': False}"
930,0.8858464226344117,0.7847238844941848,2.57435073133783,0.6873330283749738,0.8144566670104931,GRU,24,30,9636,Zscore,6177,"{'Recurrent': 32, 'Dense': 0, 'Dropout': 0.5, 'L2': True}"
931,0.9793348918437015,0.9590968303825146,3.643228191543656,0.7274422348742506,0.7732272126729663,GRU,24,30,9636,Zscore,6177,"{'Recurrent': 32, 'Dense': 0, 'Dropout': 0.5, 'L2': False}"
932,0.8331705461149043,0.6941731589134078,2.668283045435416,0.6262800387101563,0.8358668518676867,GRU,24,30,9636,Zscore,8049,"{'Recurrent': 32, 'Dense': 56, 'Dropout': 0, 'L2': True}"
933,0.8605256798443711,0.7405044456716171,2.8422790171151036,0.6738659022707376,0.8249120924463499,GRU,24,30,9636,Zscore,8049,"{'Recurrent': 32, 'Dense': 56, 'Dropout': 0, 'L2': False}"
934,0.8616851063637047,0.742501222529029,2.5105766224511115,0.6574623254978478,0.8244399663384523,GRU,24,30,9636,Zscore,8049,"{'Recurrent': 32, 'Dense': 56, 'Dropout': 0.5, 'L2': True}"
935,0.9147929108921949,0.8368460698186153,2.3886657358651036,0.736102242845608,0.8021326837867312,GRU,24,30,9636,Zscore,8049,"{'Recurrent': 32, 'Dense': 56, 'Dropout': 0.5, 'L2': False}"
936,0.8276375179415953,0.6849838611045246,2.63913112893151,0.6517742430044153,0.8380396071220937,GRU,24,30,9636,Zscore,221441,"{'Recurrent': 256, 'Dense': 0, 'Dropout': 0, 'L2': True}"
937,0.8672269400241231,0.7520825655036041,2.360665857935416,0.6984226619282654,0.8221745143174982,GRU,24,30,9636,Zscore,221441,"{'Recurrent': 256, 'Dense': 0, 'Dropout': 0, 'L2': False}"
938,0.796174175302466,0.6338933174185619,2.5935607553963536,0.622908554415597,0.8501196647666367,GRU,24,30,9636,Zscore,221441,"{'Recurrent': 256, 'Dense': 0, 'Dropout': 0.5, 'L2': True}"
939,0.8332901038534237,0.6943723971800496,2.64425808205651,0.6500800815233299,0.8358197431549507,GRU,24,30,9636,Zscore,221441,"{'Recurrent': 256, 'Dense': 0, 'Dropout': 0.5, 'L2': False}"
940,0.7616503548024292,0.5801112629706663,2.5613570810799473,0.5865865468274567,0.8628361142522005,GRU,24,30,9636,Zscore,235633,"{'Recurrent': 256, 'Dense': 56, 'Dropout': 0, 'L2': True}"
941,0.8927172920539468,0.7969441635321317,1.9377380014901036,0.7492140099569768,0.8115672541258273,GRU,24,30,9636,Zscore,235633,"{'Recurrent': 256, 'Dense': 56, 'Dropout': 0, 'L2': False}"
942,0.8478642930440177,0.7188738594190318,2.98727566018151,0.6391652041769756,0.8300265169555626,GRU,24,30,9636,Zscore,235633,"{'Recurrent': 256, 'Dense': 56, 'Dropout': 0.5, 'L2': True}"
943,0.826073564889363,0.6823975346090206,2.8889632822518223,0.6251234690692488,0.8386511287638546,GRU,24,30,9636,Zscore,235633,"{'Recurrent': 256, 'Dense': 56, 'Dropout': 0.5, 'L2': False}"
944,0.8139268942261468,0.6624769891446213,2.507569849634635,0.6177475864919848,0.8433612242171312,LSTM,24,30,9636,Zscore,8097,"{'Recurrent': 32, 'Dense': 0, 'Dropout': 0, 'L2': True}"
945,0.7324076530634699,0.53642097026594,2.1779723764901036,0.5890435689508924,0.873166426210205,LSTM,24,30,9636,Zscore,8097,"{'Recurrent': 32, 'Dense': 0, 'Dropout': 0, 'L2': False}"
946,0.8611882191293248,0.7416451487671378,3.115060466934281,0.6536880013249404,0.8246423799290218,LSTM,24,30,9636,Zscore,8097,"{'Recurrent': 32, 'Dense': 0, 'Dropout': 0.5, 'L2': True}"
947,0.8273742523051989,0.684548153377587,2.7516036631111973,0.6357017707548576,0.8381426276436589,LSTM,24,30,9636,Zscore,8097,"{'Recurrent': 32, 'Dense': 0, 'Dropout': 0.5, 'L2': False}"
948,0.7793138843023107,0.6073301302663553,2.4661498667244786,0.5851810375102767,0.8564003736585566,LSTM,24,30,9636,Zscore,9969,"{'Recurrent': 32, 'Dense': 56, 'Dropout': 0, 'L2': True}"
949,0.809581959981293,0.655422949927152,2.0546203257088536,0.6386418864552076,0.8450291101746125,LSTM,24,30,9636,Zscore,9969,"{'Recurrent': 32, 'Dense': 56, 'Dropout': 0, 'L2': False}"
950,0.7212129378256112,0.520148101687049,2.718942225122916,0.5523846192327659,0.8770140499834688,LSTM,24,30,9636,Zscore,9969,"{'Recurrent': 32, 'Dense': 56, 'Dropout': 0.5, 'L2': True}"
951,0.9021752537674325,0.8139201885103311,3.0270553232674473,0.6960042615447678,0.8075533731702368,LSTM,24,30,9636,Zscore,9969,"{'Recurrent': 32, 'Dense': 56, 'Dropout': 0.5, 'L2': False}"
952,0.8156948464878004,0.6653580825867563,2.1056075693611973,0.651962633387585,0.8426800066698248,LSTM,24,30,9636,Zscore,294145,"{'Recurrent': 256, 'Dense': 0, 'Dropout': 0, 'L2': True}"
953,0.816673610123644,0.6669557854723857,2.552621424341666,0.6332906865724784,0.8423022392482078,LSTM,24,30,9636,Zscore,294145,"{'Recurrent': 256, 'Dense': 0, 'Dropout': 0, 'L2': False}"
954,0.8207500456771302,0.6736306374790112,1.8935414928239567,0.6575125425975032,0.8407240098697057,LSTM,24,30,9636,Zscore,294145,"{'Recurrent': 256, 'Dense': 0, 'Dropout': 0.5, 'L2': True}"
955,0.7432639856487092,0.5524413523624047,2.4118819834236973,0.5902540310358919,0.8693785013761605,LSTM,24,30,9636,Zscore,294145,"{'Recurrent': 256, 'Dense': 0, 'Dropout': 0.5, 'L2': False}"
956,0.693168224488512,0.48048218744055615,2.183969080591666,0.5348706002864557,0.8863928213969503,LSTM,24,30,9636,Zscore,308337,"{'Recurrent': 256, 'Dense': 56, 'Dropout': 0, 'L2': True}"
957,0.7723203853880645,0.5964787776859684,2.527444422388541,0.6087813787809586,0.8589661119583498,LSTM,24,30,9636,Zscore,308337,"{'Recurrent': 256, 'Dense': 56, 'Dropout': 0, 'L2': False}"
958,0.7209377302407107,0.5197512108846278,2.4815917612557286,0.5523864846589204,0.8771078924722335,LSTM,24,30,9636,Zscore,308337,"{'Recurrent': 256, 'Dense': 56, 'Dropout': 0.5, 'L2': True}"
959,0.7462447468086866,0.5568812221395608,2.4064574839119786,0.5883986176599475,0.8683287203604801,LSTM,24,30,9636,Zscore,308337,"{'Recurrent': 256, 'Dense': 56, 'Dropout': 0.5, 'L2': False}"
960,1.98130195916456,3.9255574533893234,3.4901175766220547,1.5544837370305762,0.9487569745080744,RNN,24,30,9664,Zscore,2049,"{'Recurrent': 32, 'Dense': 0, 'Dropout': 0, 'L2': True}"
961,2.35941366603933,5.56683284749315,4.027539882971482,1.7732406435553698,0.9273322678624698,RNN,24,30,9664,Zscore,2049,"{'Recurrent': 32, 'Dense': 0, 'Dropout': 0, 'L2': False}"
962,4.755333974723013,22.613201211154966,7.947341821639796,3.4970411666123327,0.7048141926653558,RNN,24,30,9664,Zscore,2049,"{'Recurrent': 32, 'Dense': 0, 'Dropout': 0.5, 'L2': True}"
963,3.8392466771069964,14.739815047677114,6.59711233170195,2.7401624925449726,0.8075909658175424,RNN,24,30,9664,Zscore,2049,"{'Recurrent': 32, 'Dense': 0, 'Dropout': 0.5, 'L2': False}"
964,1.6101130580037397,2.592464059554154,2.974233177207992,1.3169232567902147,0.9661587676481628,RNN,24,30,9664,Zscore,3921,"{'Recurrent': 32, 'Dense': 56, 'Dropout': 0, 'L2': True}"
965,1.5586022061533065,2.429240837025954,2.888501670860336,1.2661175531175046,0.9682894336369297,RNN,24,30,9664,Zscore,3921,"{'Recurrent': 32, 'Dense': 56, 'Dropout': 0, 'L2': False}"
966,2.2393084466286406,5.014502319142375,3.963895473791794,1.6536138347272031,0.9345422215264547,RNN,24,30,9664,Zscore,3921,"{'Recurrent': 32, 'Dense': 56, 'Dropout': 0.5, 'L2': True}"
967,2.261835199036171,5.115898467598996,4.039563682579086,1.7271767323738332,0.93321862723906,RNN,24,30,9664,Zscore,3921,"{'Recurrent': 32, 'Dense': 56, 'Dropout': 0.5, 'L2': False}"
968,2.055697372893594,4.225891688921625,3.6580863266220547,1.6666640667987311,0.9448365033214428,RNN,24,30,9664,Zscore,73729,"{'Recurrent': 256, 'Dense': 0, 'Dropout': 0, 'L2': True}"
969,1.9770126411712012,3.908578983350729,3.414632347129867,1.6233224424676218,0.9489786062593178,RNN,24,30,9664,Zscore,73729,"{'Recurrent': 256, 'Dense': 0, 'Dropout': 0, 'L2': False}"
970,1.34635811286197,1.8126801680692453,3.079358604454086,1.0696807398934147,0.9763378278973139,RNN,24,30,9664,Zscore,73729,"{'Recurrent': 256, 'Dense': 0, 'Dropout': 0.5, 'L2': True}"
971,1.5755516866136352,2.4823631171910705,3.3956961899033047,1.2679121656216765,0.9675959916509156,RNN,24,30,9664,Zscore,73729,"{'Recurrent': 256, 'Dense': 0, 'Dropout': 0.5, 'L2': False}"
972,0.8206815892068775,0.673518270863126,2.166181114219711,0.6716626160854562,0.9912080986374767,RNN,24,30,9664,Zscore,87921,"{'Recurrent': 256, 'Dense': 56, 'Dropout': 0, 'L2': True}"
973,1.9673140462791698,3.87032455668732,3.959149864219711,1.4622609374910471,0.9494779678363595,RNN,24,30,9664,Zscore,87921,"{'Recurrent': 256, 'Dense': 56, 'Dropout': 0, 'L2': False}"
974,0.9838159713441964,0.9678938654719247,2.576741722129867,0.8111845575086222,0.9873654097256853,RNN,24,30,9664,Zscore,87921,"{'Recurrent': 256, 'Dense': 56, 'Dropout': 0.5, 'L2': True}"
975,1.5573872289414203,2.425454980869836,3.457356956504867,1.1925204845852537,0.9683388530444457,RNN,24,30,9664,Zscore,87921,"{'Recurrent': 256, 'Dense': 56, 'Dropout': 0.5, 'L2': False}"
976,2.1267207085464452,4.522940972160294,3.574491176916794,1.6352357674464282,0.9409589128966191,GRU,24,30,9664,Zscore,6177,"{'Recurrent': 32, 'Dense': 0, 'Dropout': 0, 'L2': True}"
977,2.082367433206669,4.336254126879731,3.5353428328365766,1.6563687827045448,0.943395865835229,GRU,24,30,9664,Zscore,6177,"{'Recurrent': 32, 'Dense': 0, 'Dropout': 0, 'L2': False}"
978,1.9483374784337073,3.7960189298694167,3.7494254379501797,1.4491297025313954,0.9504479307459421,GRU,24,30,9664,Zscore,6177,"{'Recurrent': 32, 'Dense': 0, 'Dropout': 0.5, 'L2': True}"
979,2.333107276535754,5.443389563824083,4.091306920604268,1.6875844316457427,0.9289436587049091,GRU,24,30,9664,Zscore,6177,"{'Recurrent': 32, 'Dense': 0, 'Dropout': 0.5, 'L2': False}"
980,1.9034558617875181,3.6231442177732633,3.318585899375961,1.5756215517887562,0.9527045843254749,GRU,24,30,9664,Zscore,8049,"{'Recurrent': 32, 'Dense': 56, 'Dropout': 0, 'L2': True}"
981,4.241472548637702,17.990089380847206,7.489720974280075,3.095467892882609,0.7651628794914631,GRU,24,30,9664,Zscore,8049,"{'Recurrent': 32, 'Dense': 56, 'Dropout': 0, 'L2': False}"
982,2.2246900244906946,4.949245705068408,3.8790413478152317,1.7019978346630489,0.9353940613933307,GRU,24,30,9664,Zscore,8049,"{'Recurrent': 32, 'Dense': 56, 'Dropout': 0.5, 'L2': True}"
983,1.8552682477986404,3.4420202712898376,3.397054222129867,1.4367721873686725,0.9550689208858365,GRU,24,30,9664,Zscore,8049,"{'Recurrent': 32, 'Dense': 56, 'Dropout': 0.5, 'L2': False}"
984,1.1341628532200947,1.286325377624346,2.716023948692367,0.8855491755700837,0.9832087022291308,GRU,24,30,9664,Zscore,221441,"{'Recurrent': 256, 'Dense': 0, 'Dropout': 0, 'L2': True}"
985,1.106990521438187,1.225428014553989,2.514508750938461,0.8696209971333599,0.9840036377676519,GRU,24,30,9664,Zscore,221441,"{'Recurrent': 256, 'Dense': 0, 'Dropout': 0, 'L2': False}"
986,1.0084571530777808,1.0169858295937428,2.508626487754867,0.7476805805488684,0.9867245782517322,GRU,24,30,9664,Zscore,221441,"{'Recurrent': 256, 'Dense': 0, 'Dropout': 0.5, 'L2': True}"
987,1.199600057664589,1.4390402983488857,2.7777381210556484,0.944363004688604,0.9812152083958082,GRU,24,30,9664,Zscore,221441,"{'Recurrent': 256, 'Dense': 0, 'Dropout': 0.5, 'L2': False}"
988,1.1012584860026773,1.2127702529929087,2.5697303085556484,0.9369557023911244,0.9841688683128793,GRU,24,30,9664,Zscore,235633,"{'Recurrent': 256, 'Dense': 56, 'Dropout': 0, 'L2': True}"
989,1.1993651649346546,1.4384767988587313,2.5129370956650234,0.9890220354258569,0.9812225641456811,GRU,24,30,9664,Zscore,235633,"{'Recurrent': 256, 'Dense': 56, 'Dropout': 0, 'L2': False}"
990,1.216100494851471,1.4789004135779926,2.7845511703720547,1.0104487466310186,0.9806948866516868,GRU,24,30,9664,Zscore,235633,"{'Recurrent': 256, 'Dense': 56, 'Dropout': 0.5, 'L2': True}"
991,1.340561800584109,1.797105941185308,3.0705542831650234,1.0341901589259204,0.9765411290882164,GRU,24,30,9664,Zscore,235633,"{'Recurrent': 256, 'Dense': 56, 'Dropout': 0.5, 'L2': False}"
992,2.5580408445783913,6.54357296253133,4.5949761012332,1.875785019383704,0.9145822013539097,LSTM,24,30,9664,Zscore,8097,"{'Recurrent': 32, 'Dense': 0, 'Dropout': 0, 'L2': True}"
993,1.7795255494664908,3.1667111812040156,3.037068870567367,1.4523135223347452,0.958662721483315,LSTM,24,30,9664,Zscore,8097,"{'Recurrent': 32, 'Dense': 0, 'Dropout': 0, 'L2': False}"
994,3.278251956752219,10.74693589194975,5.704877529455857,2.498829758334967,0.8597127882064768,LSTM,24,30,9664,Zscore,8097,"{'Recurrent': 32, 'Dense': 0, 'Dropout': 0.5, 'L2': True}"
995,2.9734810309979287,8.841589441704505,4.848926206860014,2.2932915535968945,0.8845845975941011,LSTM,24,30,9664,Zscore,8097,"{'Recurrent': 32, 'Dense': 0, 'Dropout': 0.5, 'L2': False}"
996,2.0234766905512247,4.094457917204136,3.527028713537888,1.6143908961341489,0.9465521995491987,LSTM,24,30,9664,Zscore,9969,"{'Recurrent': 32, 'Dense': 56, 'Dropout': 0, 'L2': True}"
997,1.483428774912963,2.200560930239775,3.0075125961533047,1.2618018338521317,0.9712745511475186,LSTM,24,30,9664,Zscore,9969,"{'Recurrent': 32, 'Dense': 56, 'Dropout': 0, 'L2': False}"
998,2.3545538415088307,5.543923792563992,3.989957485510544,1.763513165528026,0.9276313156536866,LSTM,24,30,9664,Zscore,9969,"{'Recurrent': 32, 'Dense': 56, 'Dropout': 0.5, 'L2': True}"
999,1.6523942568681873,2.730406780130969,3.132154014610336,1.392562087210289,0.9643581055942065,LSTM,24,30,9664,Zscore,9969,"{'Recurrent': 32, 'Dense': 56, 'Dropout': 0.5, 'L2': False}"
1000,3.4307882176929123,11.77030779466051,5.505000730785795,2.962769152604637,0.84635400461434,LSTM,24,30,9664,Zscore,294145,"{'Recurrent': 256, 'Dense': 0, 'Dropout': 0, 'L2': True}"
1001,3.0113114019774154,9.067996359679187,4.692502525352523,2.784355625252168,0.8816291509837584,LSTM,24,30,9664,Zscore,294145,"{'Recurrent': 256, 'Dense': 0, 'Dropout': 0, 'L2': False}"
1002,3.604154196723465,12.989927473759364,5.644534727367827,3.089775138409604,0.8304334626152522,LSTM,24,30,9664,Zscore,294145,"{'Recurrent': 256, 'Dense': 0, 'Dropout': 0.5, 'L2': True}"
1003,3.6949148481935796,13.652395735401385,6.002071043285795,3.0107833846951784,0.8217858046909989,LSTM,24,30,9664,Zscore,294145,"{'Recurrent': 256, 'Dense': 0, 'Dropout': 0.5, 'L2': False}"
1004,1.105794167160347,1.2227807401258457,2.467183616661117,0.9185866440066557,0.9840381944777793,LSTM,24,30,9664,Zscore,308337,"{'Recurrent': 256, 'Dense': 56, 'Dropout': 0, 'L2': True}"
1005,0.9412324630418029,0.8859185494837387,2.4330802231064297,0.7073061080953043,0.9884354904102169,LSTM,24,30,9664,Zscore,308337,"{'Recurrent': 256, 'Dense': 56, 'Dropout': 0, 'L2': False}"
1006,1.2228994585459616,1.4954830857120063,2.702260520957992,0.9996273950027749,0.980478421525147,LSTM,24,30,9664,Zscore,308337,"{'Recurrent': 256, 'Dense': 56, 'Dropout': 0.5, 'L2': True}"
1007,0.8310479820622617,0.6906407484897573,2.1293921737900234,0.658169112319038,0.9909845870552558,LSTM,24,30,9664,Zscore,308337,"{'Recurrent': 256, 'Dense': 56, 'Dropout': 0.5, 'L2': False}"
1008,0.8035892128177288,0.645755622957017,1.9152952624650794,0.666158971895383,0.8832777147777048,RNN,24,30,9678,Zscore,2049,"{'Recurrent': 32, 'Dense': 0, 'Dropout': 0, 'L2': True}"
1009,0.99761383339943,0.9952333605899056,2.492158420481232,0.7875315892479436,0.8201085549273636,RNN,24,30,9678,Zscore,2049,"{'Recurrent': 32, 'Dense': 0, 'Dropout': 0, 'L2': False}"
1010,0.8679746602333784,0.7533800108072488,2.356058828104537,0.7021888425284925,0.8638242806163334,RNN,24,30,9678,Zscore,2049,"{'Recurrent': 32, 'Dense': 0, 'Dropout': 0.5, 'L2': True}"
1011,0.9283394675383798,0.8618141669894426,2.953751298842704,0.7237642145281205,0.8442244783756963,RNN,24,30,9678,Zscore,2049,"{'Recurrent': 32, 'Dense': 0, 'Dropout': 0.5, 'L2': False}"
1012,0.7585273602790711,0.5753637562919357,1.7409178563000296,0.6197639017442318,0.8960012579356995,RNN,24,30,9678,Zscore,3921,"{'Recurrent': 32, 'Dense': 56, 'Dropout': 0, 'L2': True}"
1013,0.8702748200241289,0.75737826236803,1.9988038337894949,0.7100963361093303,0.8631015845336714,RNN,24,30,9678,Zscore,3921,"{'Recurrent': 32, 'Dense': 56, 'Dropout': 0, 'L2': False}"
1014,0.7343142767328197,0.5392174570136441,2.0002565928971876,0.5850825303351016,0.9025348110386077,RNN,24,30,9678,Zscore,3921,"{'Recurrent': 32, 'Dense': 56, 'Dropout': 0.5, 'L2': True}"
1015,0.8679144693582993,0.7532755261214983,2.223502250115672,0.7081298806322714,0.8638431665398283,RNN,24,30,9678,Zscore,3921,"{'Recurrent': 32, 'Dense': 56, 'Dropout': 0.5, 'L2': False}"
1016,0.6971277339984117,0.4859870775097603,2.007372609842818,0.5440490682256426,0.9121563633999983,RNN,24,30,9678,Zscore,73729,"{'Recurrent': 256, 'Dense': 0, 'Dropout': 0, 'L2': True}"
1017,0.7344060020891565,0.5393521759045782,1.99087243762375,0.5650910995069263,0.9025104601909287,RNN,24,30,9678,Zscore,73729,"{'Recurrent': 256, 'Dense': 0, 'Dropout': 0, 'L2': False}"
1018,0.8091615450648405,0.65474240601172,2.017017660773817,0.6172243262470815,0.8816533265143265,RNN,24,30,9678,Zscore,73729,"{'Recurrent': 256, 'Dense': 0, 'Dropout': 0.5, 'L2': True}"
1019,1.0277934062486416,1.0563592859281854,2.563000021613661,0.7949484093901799,0.8090598587361632,RNN,24,30,9678,Zscore,73729,"{'Recurrent': 256, 'Dense': 0, 'Dropout': 0.5, 'L2': False}"
1020,0.7517146731262676,0.5650749497933314,2.0224657603776564,0.6012888529951951,0.8978609908811562,RNN,24,30,9678,Zscore,87921,"{'Recurrent': 256, 'Dense': 56, 'Dropout': 0, 'L2': True}"
1021,0.7842723538031844,0.6150831249399872,2.3059816905534376,0.6147416558839942,0.8888218617192829,RNN,24,30,9678,Zscore,87921,"{'Recurrent': 256, 'Dense': 56, 'Dropout': 0, 'L2': False}"
1022,0.7394017218445449,0.5467149062666777,1.9500399180925,0.5838077471847651,0.9011796243719473,RNN,24,30,9678,Zscore,87921,"{'Recurrent': 256, 'Dense': 56, 'Dropout': 0.5, 'L2': True}"
1023,0.6601730038431564,0.4358283950032962,1.8320338647256307,0.49536299458756805,0.9212226972231321,RNN,24,30,9678,Zscore,87921,"{'Recurrent': 256, 'Dense': 56, 'Dropout': 0.5, 'L2': False}"
1024,0.9836565795220233,0.9675802664369667,2.556583445859161,0.7696957995832433,0.8251069354729607,GRU,24,30,9678,Zscore,6177,"{'Recurrent': 32, 'Dense': 0, 'Dropout': 0, 'L2': True}"
1025,0.9638458363228549,0.9289987961969037,2.158091298807662,0.7820072137007937,0.8320806531047712,GRU,24,30,9678,Zscore,6177,"{'Recurrent': 32, 'Dense': 0, 'Dropout': 0, 'L2': False}"
1026,1.0156492975043474,1.0315434955210745,2.3990138155589733,0.7784471943662802,0.8135453880338435,GRU,24,30,9678,Zscore,6177,"{'Recurrent': 32, 'Dense': 0, 'Dropout': 0.5, 'L2': True}"
1027,0.7582453641960843,0.5749360323248526,2.043375722635787,0.5841307703989205,0.8960785703385767,GRU,24,30,9678,Zscore,6177,"{'Recurrent': 32, 'Dense': 0, 'Dropout': 0.5, 'L2': False}"
1028,0.7344924743907449,0.5394791949366391,1.6991469212414358,0.5971896723957844,0.9024875011160685,GRU,24,30,9678,Zscore,8049,"{'Recurrent': 32, 'Dense': 56, 'Dropout': 0, 'L2': True}"
1029,0.7801750655938476,0.6086731329743644,2.0462077242503796,0.6087066313120407,0.8899804871866973,GRU,24,30,9678,Zscore,8049,"{'Recurrent': 32, 'Dense': 56, 'Dropout': 0, 'L2': False}"
1030,0.7106899738278233,0.5050802388993921,1.9899027926097546,0.5492846828721865,0.9087052166344295,GRU,24,30,9678,Zscore,8049,"{'Recurrent': 32, 'Dense': 56, 'Dropout': 0.5, 'L2': True}"
1031,0.73311771065032,0.5374615776691664,2.227742249635469,0.5739525821711932,0.9028521915497112,GRU,24,30,9678,Zscore,8049,"{'Recurrent': 32, 'Dense': 56, 'Dropout': 0.5, 'L2': False}"
1032,0.7327616971854011,0.5369397048620294,1.729233476577079,0.559755186907131,0.9029465216406602,GRU,24,30,9678,Zscore,221441,"{'Recurrent': 256, 'Dense': 0, 'Dropout': 0, 'L2': True}"
1033,0.754541121681638,0.5693323043085845,1.8595018931901564,0.5765892351286679,0.8970914611544986,GRU,24,30,9678,Zscore,221441,"{'Recurrent': 256, 'Dense': 0, 'Dropout': 0, 'L2': False}"
1034,0.7743797073321085,0.599663931127762,1.8841066905534376,0.5884608885184223,0.8916089277146311,GRU,24,30,9678,Zscore,221441,"{'Recurrent': 256, 'Dense': 0, 'Dropout': 0.5, 'L2': True}"
1035,0.8174379324144864,0.6682047733500704,2.0359774180925,0.6070272730182904,0.879219962832507,GRU,24,30,9678,Zscore,221441,"{'Recurrent': 256, 'Dense': 0, 'Dropout': 0.5, 'L2': False}"
1036,0.6905041060734652,0.47679592050431535,1.8018007823503126,0.5366099163931137,0.9138176928741418,GRU,24,30,9678,Zscore,235633,"{'Recurrent': 256, 'Dense': 56, 'Dropout': 0, 'L2': True}"
1037,0.7285595260314187,0.5307989829711255,1.872455893195692,0.5466239856656813,0.9040564757262921,GRU,24,30,9678,Zscore,235633,"{'Recurrent': 256, 'Dense': 56, 'Dropout': 0, 'L2': False}"
1038,0.7232249897389476,0.5230543857829008,1.7653933116471876,0.5622210347698671,0.9054563351309943,GRU,24,30,9678,Zscore,235633,"{'Recurrent': 256, 'Dense': 56, 'Dropout': 0.5, 'L2': True}"
1039,0.7866600377662428,0.6188340150183866,1.8681765147721876,0.5895970003469699,0.8881438769739646,GRU,24,30,9678,Zscore,235633,"{'Recurrent': 256, 'Dense': 56, 'Dropout': 0.5, 'L2': False}"
1040,0.773703468621066,0.5986170573562688,2.023304281867567,0.5896187551901374,0.8917981533204237,LSTM,24,30,9678,Zscore,8097,"{'Recurrent': 32, 'Dense': 0, 'Dropout': 0, 'L2': True}"
1041,0.7135415049599115,0.5091414793004554,2.041431723273817,0.5551114274498385,0.9079711351280564,LSTM,24,30,9678,Zscore,8097,"{'Recurrent': 32, 'Dense': 0, 'Dropout': 0, 'L2': False}"
1042,0.7634190190743928,0.5828085986845081,1.9580202647721876,0.5833055149602646,0.8946555801184446,LSTM,24,30,9678,Zscore,8097,"{'Recurrent': 32, 'Dense': 0, 'Dropout': 0.5, 'L2': True}"
1043,0.8737841115598045,0.7634986736143569,2.0807924815690626,0.6635132999272962,0.8619953016585797,LSTM,24,30,9678,Zscore,8097,"{'Recurrent': 32, 'Dense': 0, 'Dropout': 0.5, 'L2': False}"
1044,0.6816299467362068,0.4646193842876041,1.6082659312760939,0.536688271972591,0.9160186386851877,LSTM,24,30,9678,Zscore,9969,"{'Recurrent': 32, 'Dense': 56, 'Dropout': 0, 'L2': True}"
1045,0.7172483159230361,0.5144451466944314,1.8363695689714064,0.5351787359070495,0.9070124811786736,LSTM,24,30,9678,Zscore,9969,"{'Recurrent': 32, 'Dense': 56, 'Dropout': 0, 'L2': False}"
1046,0.751016320668155,0.5640255139099332,1.9737062999284376,0.5900543631025027,0.8980506795964377,LSTM,24,30,9678,Zscore,9969,"{'Recurrent': 32, 'Dense': 56, 'Dropout': 0.5, 'L2': True}"
1047,0.7717524140608011,0.5956017886086742,2.051163408217704,0.5861374657133884,0.8923431722815702,LSTM,24,30,9678,Zscore,9969,"{'Recurrent': 32, 'Dense': 56, 'Dropout': 0.5, 'L2': False}"
1048,0.7610200874365567,0.5791515734819445,1.8249018770824108,0.5829281419840285,0.8953165985030839,LSTM,24,30,9678,Zscore,294145,"{'Recurrent': 256, 'Dense': 0, 'Dropout': 0, 'L2': True}"
1049,0.8246910890941599,0.6801153924313116,2.3753993432412557,0.6729804534604286,0.8770670823493165,LSTM,24,30,9678,Zscore,294145,"{'Recurrent': 256, 'Dense': 0, 'Dropout': 0, 'L2': False}"
1050,0.8358991340093811,0.6987273622376333,2.354807607401412,0.6816586889661851,0.8737029124202428,LSTM,24,30,9678,Zscore,294145,"{'Recurrent': 256, 'Dense': 0, 'Dropout': 0.5, 'L2': True}"
1051,0.757454925159553,0.5737379636484641,1.7725184542308483,0.5854500084169394,0.8962951248814872,LSTM,24,30,9678,Zscore,294145,"{'Recurrent': 256, 'Dense': 0, 'Dropout': 0.5, 'L2': False}"
1052,0.6766993984338542,0.45792207584074013,1.7368822642839064,0.5176455241241656,0.9172291974770367,LSTM,24,30,9678,Zscore,308337,"{'Recurrent': 256, 'Dense': 56, 'Dropout': 0, 'L2': True}"
1053,0.6955081351394145,0.4837315660451059,1.8404589244401564,0.5355696691266097,0.9125640539305027,LSTM,24,30,9678,Zscore,308337,"{'Recurrent': 256, 'Dense': 56, 'Dropout': 0, 'L2': False}"
1054,0.6787739934853976,0.4607341342321145,1.710202271608125,0.5232045514504186,0.9167209094034203,LSTM,24,30,9678,Zscore,308337,"{'Recurrent': 256, 'Dense': 56, 'Dropout': 0.5, 'L2': True}"
1055,0.9208100939268435,0.8478912290775624,2.243519837526094,0.6930327124525311,0.8467410915840198,LSTM,24,30,9678,Zscore,308337,"{'Recurrent': 256, 'Dense': 56, 'Dropout': 0.5, 'L2': False}"
1056,1.055007852613006,1.1130415690751063,2.9260045141869284,0.8199686892451107,0.7999423039877376,RNN,24,30,9770,Zscore,2049,"{'Recurrent': 32, 'Dense': 0, 'Dropout': 0, 'L2': True}"
1057,1.226432453222019,1.5041365623161795,3.0025446544095757,0.9051770810083174,0.7296470289112137,RNN,24,30,9770,Zscore,2049,"{'Recurrent': 32, 'Dense': 0, 'Dropout': 0, 'L2': False}"
1058,1.155396365923743,1.334940762389792,3.1839772314720847,0.9747475140328082,0.7600582218519696,RNN,24,30,9770,Zscore,2049,"{'Recurrent': 32, 'Dense': 0, 'Dropout': 0.5, 'L2': True}"
1059,1.219857676727554,1.4880527514711455,3.2552976712640174,1.011525321932835,0.73253792735576,RNN,24,30,9770,Zscore,2049,"{'Recurrent': 32, 'Dense': 0, 'Dropout': 0.5, 'L2': False}"
1060,1.1300370945041431,1.2769838349553657,2.8641364399506415,0.8475395118428343,0.7704753793891459,RNN,24,30,9770,Zscore,3921,"{'Recurrent': 32, 'Dense': 56, 'Dropout': 0, 'L2': True}"
1061,1.3443449134403354,1.8072632462929026,4.0749823872162665,0.9605877467591802,0.6751631464748981,RNN,24,30,9770,Zscore,3921,"{'Recurrent': 32, 'Dense': 56, 'Dropout': 0, 'L2': False}"
1062,1.0812575001302795,1.1691177815879816,2.9275303930931784,0.8056213098782626,0.7898631854820901,RNN,24,30,9770,Zscore,3921,"{'Recurrent': 32, 'Dense': 56, 'Dropout': 0.5, 'L2': True}"
1063,1.4582057204300067,2.126363923094795,4.366090878933022,1.0494028456904858,0.6178081042458936,RNN,24,30,9770,Zscore,3921,"{'Recurrent': 32, 'Dense': 56, 'Dropout': 0.5, 'L2': False}"
1064,1.542791649073746,2.380206072451689,3.9823263007979364,1.119065885927346,0.5721826065447254,RNN,24,30,9770,Zscore,73729,"{'Recurrent': 256, 'Dense': 0, 'Dropout': 0, 'L2': True}"
1065,1.3420432524052488,1.8010800913264584,3.5134055439545477,0.9701184198049018,0.6762745045508606,RNN,24,30,9770,Zscore,73729,"{'Recurrent': 256, 'Dense': 0, 'Dropout': 0, 'L2': False}"
1066,1.4164327316065906,2.006281683166508,3.7780103787835486,1.0458429959458024,0.6393916433692413,RNN,24,30,9770,Zscore,73729,"{'Recurrent': 256, 'Dense': 0, 'Dropout': 0.5, 'L2': True}"
1067,1.5063703978998872,2.2691517756690645,3.5464955420189597,1.1380687534443912,0.5921434663759135,RNN,24,30,9770,Zscore,73729,"{'Recurrent': 256, 'Dense': 0, 'Dropout': 0.5, 'L2': False}"
1068,1.0862545173730977,1.1799488765134616,3.0634467426850165,0.7833613586701994,0.7879164083299285,RNN,24,30,9770,Zscore,87921,"{'Recurrent': 256, 'Dense': 56, 'Dropout': 0, 'L2': True}"
1069,1.08591883528302,1.1792197168224305,2.7648275215010614,0.8101112776437092,0.788047467233626,RNN,24,30,9770,Zscore,87921,"{'Recurrent': 256, 'Dense': 56, 'Dropout': 0, 'L2': False}"
1070,0.9310230841705288,0.8668039832584036,2.5732657734467352,0.6905733906628958,0.8442009601411155,RNN,24,30,9770,Zscore,87921,"{'Recurrent': 256, 'Dense': 56, 'Dropout': 0.5, 'L2': True}"
1071,1.0378934287082155,1.0772227693556957,3.49425104445028,0.7301238281270375,0.8063803623180698,RNN,24,30,9770,Zscore,87921,"{'Recurrent': 256, 'Dense': 56, 'Dropout': 0.5, 'L2': False}"
1072,1.7159750871700827,2.944570499788373,4.0499576348555735,1.2541022358189868,0.4707439449697792,GRU,24,30,9770,Zscore,6177,"{'Recurrent': 32, 'Dense': 0, 'Dropout': 0, 'L2': True}"
1073,1.540542653433774,2.373271667048773,3.8426749531342352,1.1406141302231214,0.5734289941071191,GRU,24,30,9770,Zscore,6177,"{'Recurrent': 32, 'Dense': 0, 'Dropout': 0, 'L2': False}"
1074,1.6132404426108182,2.6025447256751484,4.610292539089272,1.1472920406018172,0.5322195360411537,GRU,24,30,9770,Zscore,6177,"{'Recurrent': 32, 'Dense': 0, 'Dropout': 0.5, 'L2': True}"
1075,1.6163419370193404,2.6125612573674335,4.03746233889396,1.1623471727399914,0.5304191681950026,GRU,24,30,9770,Zscore,6177,"{'Recurrent': 32, 'Dense': 0, 'Dropout': 0.5, 'L2': False}"
1076,1.465402501062563,2.1474044901204152,3.8718039814545477,1.0222842150886369,0.6140262802072505,GRU,24,30,9770,Zscore,8049,"{'Recurrent': 32, 'Dense': 56, 'Dropout': 0, 'L2': True}"
1077,1.321029460148452,1.7451188345801105,3.724320155770954,0.9617731388960115,0.6863329609478916,GRU,24,30,9770,Zscore,8049,"{'Recurrent': 32, 'Dense': 56, 'Dropout': 0, 'L2': False}"
1078,1.2878671312142762,1.65860174766209,3.1043402973725165,0.9727435720841972,0.7018835113993851,GRU,24,30,9770,Zscore,8049,"{'Recurrent': 32, 'Dense': 56, 'Dropout': 0.5, 'L2': True}"
1079,1.4804471480999293,2.191723758317214,4.255450259154642,1.048659548158617,0.6060603506941518,GRU,24,30,9770,Zscore,8049,"{'Recurrent': 32, 'Dense': 56, 'Dropout': 0.5, 'L2': False}"
1080,1.7965483637960622,3.2275860234583083,4.241541013210366,1.2712896681585495,0.41987483533880676,GRU,24,30,9770,Zscore,221441,"{'Recurrent': 256, 'Dense': 0, 'Dropout': 0, 'L2': True}"
1081,1.7033733495977763,2.901480768119948,4.135004147975991,1.2137934600937987,0.47848887802428763,GRU,24,30,9770,Zscore,221441,"{'Recurrent': 256, 'Dense': 0, 'Dropout': 0, 'L2': False}"
1082,1.9033340243510335,3.6226804082523008,4.131267798940826,1.3514630201528848,0.3488607110460826,GRU,24,30,9770,Zscore,221441,"{'Recurrent': 256, 'Dense': 0, 'Dropout': 0.5, 'L2': True}"
1083,1.7654498174386717,3.1168130578942392,3.9226857275658347,1.2606989287091692,0.43978512879676657,GRU,24,30,9770,Zscore,221441,"{'Recurrent': 256, 'Dense': 0, 'Dropout': 0.5, 'L2': False}"
1084,1.2963938159838668,1.6806369261212122,3.177628261239704,0.956756820362917,0.6979229162552036,GRU,24,30,9770,Zscore,235633,"{'Recurrent': 256, 'Dense': 56, 'Dropout': 0, 'L2': True}"
1085,1.470323335239412,2.1618507101495483,3.766573916381205,1.0377163311050106,0.6114297217538982,GRU,24,30,9770,Zscore,235633,"{'Recurrent': 256, 'Dense': 56, 'Dropout': 0, 'L2': False}"
1086,1.252713204159368,1.5692903718752307,3.0885016743256415,0.9324924675588506,0.7179363063389771,GRU,24,30,9770,Zscore,235633,"{'Recurrent': 256, 'Dense': 56, 'Dropout': 0.5, 'L2': True}"
1087,1.4610989698700556,2.134810199755338,3.7492246732171424,1.0310820003187746,0.6162899734810251,GRU,24,30,9770,Zscore,235633,"{'Recurrent': 256, 'Dense': 56, 'Dropout': 0.5, 'L2': False}"
1088,1.6994568362776614,2.888153538370878,4.135751828640053,1.1889350836631625,0.4808843095624291,LSTM,24,30,9770,Zscore,8097,"{'Recurrent': 32, 'Dense': 0, 'Dropout': 0, 'L2': True}"
1089,1.5343652545785371,2.354276734457859,3.5348932872220757,1.1138704730304907,0.5768431365395569,LSTM,24,30,9770,Zscore,8097,"{'Recurrent': 32, 'Dense': 0, 'Dropout': 0, 'L2': False}"
1090,1.5691597287094112,2.462262254203393,3.685915097683022,1.147482679407103,0.5574338576022664,LSTM,24,30,9770,Zscore,8097,"{'Recurrent': 32, 'Dense': 0, 'Dropout': 0.5, 'L2': True}"
1091,1.6609673485470788,2.7588125329395132,3.6870900244408347,1.2196465867557214,0.504132015906416,LSTM,24,30,9770,Zscore,8097,"{'Recurrent': 32, 'Dense': 0, 'Dropout': 0.5, 'L2': False}"
1092,1.4616837277498411,2.136519319968672,3.6104209248139227,1.0246797879985008,0.6159827768213606,LSTM,24,30,9770,Zscore,9969,"{'Recurrent': 32, 'Dense': 56, 'Dropout': 0, 'L2': True}"
1093,1.8053916846635836,3.259439135052413,4.754213437526772,1.2900733319269724,0.414149568382575,LSTM,24,30,9770,Zscore,9969,"{'Recurrent': 32, 'Dense': 56, 'Dropout': 0, 'L2': False}"
1094,1.366183008122906,1.8664560116837525,3.2225217923577674,0.9885975136799598,0.6645238598626936,LSTM,24,30,9770,Zscore,9969,"{'Recurrent': 32, 'Dense': 56, 'Dropout': 0.5, 'L2': True}"
1095,1.5538384362931505,2.4144138861019435,3.9832604986033004,1.13754382229793,0.5660341062778635,LSTM,24,30,9770,Zscore,9969,"{'Recurrent': 32, 'Dense': 56, 'Dropout': 0.5, 'L2': False}"
1096,1.2633965708979387,1.5961708953566702,2.6290094981595757,1.1082602599062323,0.7131048106026867,LSTM,24,30,9770,Zscore,294145,"{'Recurrent': 256, 'Dense': 0, 'Dropout': 0, 'L2': True}"
1097,1.7120120209034666,2.9309851597179715,3.7664052099877097,1.236229413697002,0.4731857691653355,LSTM,24,30,9770,Zscore,294145,"{'Recurrent': 256, 'Dense': 0, 'Dropout': 0, 'L2': False}"
1098,1.3327947879609658,1.7763419468159158,2.7613260875150445,1.1607581236757636,0.6807209298523971,LSTM,24,30,9770,Zscore,294145,"{'Recurrent': 256, 'Dense': 0, 'Dropout': 0.5, 'L2': True}"
1099,1.664011198675852,2.7689332693186453,3.535516843288491,1.2244019274053775,0.502312918346889,LSTM,24,30,9770,Zscore,294145,"{'Recurrent': 256, 'Dense': 0, 'Dropout': 0.5, 'L2': False}"
1100,1.4508963790541123,2.1051003027523345,3.3863401517327674,1.0414817887224033,0.6216300198084246,LSTM,24,30,9770,Zscore,308337,"{'Recurrent': 256, 'Dense': 56, 'Dropout': 0, 'L2': True}"
1101,1.7760791333167314,3.1544570878031117,4.230296145385111,1.2554366350931263,0.4330190042409302,LSTM,24,30,9770,Zscore,308337,"{'Recurrent': 256, 'Dense': 56, 'Dropout': 0, 'L2': False}"
1102,1.3535298969269984,1.8320431818752112,3.096537600463236,0.9943481565802149,0.6707092096609762,LSTM,24,30,9770,Zscore,308337,"{'Recurrent': 256, 'Dense': 56, 'Dropout': 0.5, 'L2': True}"
1103,1.6098575811855005,2.59164143170043,3.845713625853861,1.165343237781441,0.5341792902247634,LSTM,24,30,9770,Zscore,308337,"{'Recurrent': 256, 'Dense': 56, 'Dropout': 0.5, 'L2': False}"
1104,0.8823772230807994,0.7785895638117828,2.5395635655231814,0.7027264196201132,0.9648099959224536,RNN,24,30,9793,Zscore,2049,"{'Recurrent': 32, 'Dense': 0, 'Dropout': 0, 'L2': True}"
1105,1.8421308530070268,3.3934460796003965,5.882489590913806,1.4307760544231636,0.8466260184718591,RNN,24,30,9793,Zscore,2049,"{'Recurrent': 32, 'Dense': 0, 'Dropout': 0, 'L2': False}"
1106,1.36499147177611,1.863201718021511,4.3677602328337315,0.9702447353974917,0.9157886528385084,RNN,24,30,9793,Zscore,2049,"{'Recurrent': 32, 'Dense': 0, 'Dropout': 0.5, 'L2': True}"
1107,1.2911442092053624,1.6670533689645408,2.8245748570270877,1.135946181622531,0.9246539928378349,RNN,24,30,9793,Zscore,2049,"{'Recurrent': 32, 'Dense': 0, 'Dropout': 0.5, 'L2': False}"
1108,0.9765768411628898,0.953702326695688,3.3633978921313457,0.6971055902538368,0.956895403785171,RNN,24,30,9793,Zscore,3921,"{'Recurrent': 32, 'Dense': 56, 'Dropout': 0, 'L2': True}"
1109,0.84352415509901,0.7115330002354987,2.859532742769275,0.609038188581571,0.9678407593122467,RNN,24,30,9793,Zscore,3921,"{'Recurrent': 32, 'Dense': 56, 'Dropout': 0, 'L2': False}"
1110,0.7713454347722541,0.5949737797439978,2.737033342402597,0.5815855570355711,0.9731089001081373,RNN,24,30,9793,Zscore,3921,"{'Recurrent': 32, 'Dense': 56, 'Dropout': 0.5, 'L2': True}"
1111,1.0263430659463995,1.0533800890162552,3.2499500057708275,0.7466520401393223,0.9523902562394875,RNN,24,30,9793,Zscore,3921,"{'Recurrent': 32, 'Dense': 56, 'Dropout': 0.5, 'L2': False}"
1112,1.4697597993920628,2.1601938679089967,4.0576181956687805,1.097982791230859,0.9023654637138384,RNN,24,30,9793,Zscore,73729,"{'Recurrent': 256, 'Dense': 0, 'Dropout': 0, 'L2': True}"
1113,1.395932080688519,1.9486263738953775,3.77389104580989,1.0335130634150105,0.9119277046210583,RNN,24,30,9793,Zscore,73729,"{'Recurrent': 256, 'Dense': 0, 'Dropout': 0, 'L2': False}"
1114,0.7381536977631823,0.5448708815214595,2.1126938722186566,0.5952840524574524,0.9753734066911901,RNN,24,30,9793,Zscore,73729,"{'Recurrent': 256, 'Dense': 0, 'Dropout': 0.5, 'L2': True}"
1115,0.7417985116026096,0.5502650318158469,2.4840012452655316,0.574985060944903,0.9751296066459839,RNN,24,30,9793,Zscore,73729,"{'Recurrent': 256, 'Dense': 0, 'Dropout': 0.5, 'L2': False}"
1116,0.7257895680319307,0.5267704970639766,2.707217668574472,0.5399659107375313,0.9761914918961159,RNN,24,30,9793,Zscore,87921,"{'Recurrent': 256, 'Dense': 56, 'Dropout': 0, 'L2': True}"
1117,0.7907323722859356,0.6252576845809436,2.975196923976469,0.5776520905203683,0.971740154899842,RNN,24,30,9793,Zscore,87921,"{'Recurrent': 256, 'Dense': 56, 'Dropout': 0, 'L2': False}"
1118,0.6901790186516817,0.4763470777869985,2.6332583179885347,0.5143335396522866,0.9784704851069594,RNN,24,30,9793,Zscore,87921,"{'Recurrent': 256, 'Dense': 56, 'Dropout': 0.5, 'L2': True}"
1119,0.9436418877443392,0.8904600123057002,3.2777253053241253,0.7166358478466371,0.9597537741059363,RNN,24,30,9793,Zscore,87921,"{'Recurrent': 256, 'Dense': 56, 'Dropout': 0.5, 'L2': False}"
1120,1.4279290391882875,2.0389813409571858,4.076489835054431,1.0676203564411346,0.9078439205490434,GRU,24,30,9793,Zscore,6177,"{'Recurrent': 32, 'Dense': 0, 'Dropout': 0, 'L2': True}"
1121,1.5304158903891456,2.3421727975556013,4.739285855562244,1.1080395520327957,0.8941405406299225,GRU,24,30,9793,Zscore,6177,"{'Recurrent': 32, 'Dense': 0, 'Dropout': 0, 'L2': False}"
1122,1.3871057472884423,1.9240623541606277,5.027852444917713,1.0061965134247775,0.9130379275097327,GRU,24,30,9793,Zscore,6177,"{'Recurrent': 32, 'Dense': 0, 'Dropout': 0.5, 'L2': True}"
1123,1.4079224827087566,1.9822457173167893,4.795263775072641,0.9990975501202791,0.9104082072028141,GRU,24,30,9793,Zscore,6177,"{'Recurrent': 32, 'Dense': 0, 'Dropout': 0.5, 'L2': False}"
1124,1.19232167922314,1.421630986745488,3.3235601475544314,0.9165492906724926,0.9357463771086025,GRU,24,30,9793,Zscore,8049,"{'Recurrent': 32, 'Dense': 56, 'Dropout': 0, 'L2': True}"
1125,0.9569546050362785,0.9157621161001398,3.0419040462981712,0.6794601626558306,0.9586101919452177,GRU,24,30,9793,Zscore,8049,"{'Recurrent': 32, 'Dense': 56, 'Dropout': 0, 'L2': False}"
1126,0.7817666877550055,0.6111591540834321,2.763984765773344,0.5800354356033878,0.9723773678407218,GRU,24,30,9793,Zscore,8049,"{'Recurrent': 32, 'Dense': 56, 'Dropout': 0.5, 'L2': True}"
1127,1.2210466706176284,1.4909549718263952,4.055295377046619,0.926970860991271,0.9326131328024168,GRU,24,30,9793,Zscore,8049,"{'Recurrent': 32, 'Dense': 56, 'Dropout': 0.5, 'L2': False}"
1128,0.8015022379303681,0.6424058374073884,2.7247773072772503,0.5701349643248901,0.9709651078199265,GRU,24,30,9793,Zscore,221441,"{'Recurrent': 256, 'Dense': 0, 'Dropout': 0, 'L2': True}"
1129,0.7875478728975388,0.620231652105438,2.636962976222563,0.550620828450258,0.9719673170806976,GRU,24,30,9793,Zscore,221441,"{'Recurrent': 256, 'Dense': 0, 'Dropout': 0, 'L2': False}"
1130,0.9804798639340574,0.9613407635801478,3.07381780362239,0.6812230970919666,0.9565501684550257,GRU,24,30,9793,Zscore,221441,"{'Recurrent': 256, 'Dense': 0, 'Dropout': 0.5, 'L2': True}"
1131,0.7322780051345238,0.5362310768037977,2.4498782894622337,0.5292474708168926,0.9757639009610533,GRU,24,30,9793,Zscore,221441,"{'Recurrent': 256, 'Dense': 0, 'Dropout': 0.5, 'L2': False}"
1132,0.7889454731163003,0.6224349595507028,2.5811921021991253,0.5937426258316341,0.9718677339349855,GRU,24,30,9793,Zscore,235633,"{'Recurrent': 256, 'Dense': 56, 'Dropout': 0, 'L2': True}"
1133,1.250761584868625,1.5644045421830748,3.7459870240741253,0.914404927056779,0.9292934239333541,GRU,24,30,9793,Zscore,235633,"{'Recurrent': 256, 'Dense': 56, 'Dropout': 0, 'L2': False}"
1134,0.8335358978189565,0.6947820929528539,2.809608545070219,0.6098084253343439,0.968597852038603,GRU,24,30,9793,Zscore,235633,"{'Recurrent': 256, 'Dense': 56, 'Dropout': 0.5, 'L2': True}"
1135,1.3950145029304106,1.9460654633861805,3.9982181332122337,0.9748564917898319,0.912043450394505,GRU,24,30,9793,Zscore,235633,"{'Recurrent': 256, 'Dense': 56, 'Dropout': 0.5, 'L2': False}"
1136,1.564043793029695,2.446232986514716,4.9868825962849,1.21504481433342,0.8894373200320843,LSTM,24,30,9793,Zscore,8097,"{'Recurrent': 32, 'Dense': 0, 'Dropout': 0, 'L2': True}"
1137,1.8054149587813668,3.2595231733915244,6.175649075777088,1.309790419846484,0.8526789478130831,LSTM,24,30,9793,Zscore,8097,"{'Recurrent': 32, 'Dense': 0, 'Dropout': 0, 'L2': False}"
1138,1.7718091427342502,3.1393076382766787,6.275441556245838,1.2940725622818285,0.8581123434909868,LSTM,24,30,9793,Zscore,8097,"{'Recurrent': 32, 'Dense': 0, 'Dropout': 0.5, 'L2': True}"
1139,1.8544060904188586,3.4388219481825564,6.403661160738025,1.3811471675977238,0.8445751600033601,LSTM,24,30,9793,Zscore,8097,"{'Recurrent': 32, 'Dense': 0, 'Dropout': 0.5, 'L2': False}"
1140,1.359184377315229,1.847382171537787,4.079518704683338,0.9970156709686687,0.9165036507413081,LSTM,24,30,9793,Zscore,9969,"{'Recurrent': 32, 'Dense': 56, 'Dropout': 0, 'L2': True}"
1141,1.3330045381705475,1.7769010987832745,4.490826993257556,0.9512095409746653,0.9196891920751511,LSTM,24,30,9793,Zscore,9969,"{'Recurrent': 32, 'Dense': 56, 'Dropout': 0, 'L2': False}"
1142,1.412177671345924,1.9942457754479967,4.217618375093494,1.054762982863899,0.909865839164254,LSTM,24,30,9793,Zscore,9969,"{'Recurrent': 32, 'Dense': 56, 'Dropout': 0.5, 'L2': True}"
1143,1.5020501615791908,2.2561546879000733,4.886754422456775,1.108159296405579,0.8980283112477324,LSTM,24,30,9793,Zscore,9969,"{'Recurrent': 32, 'Dense': 56, 'Dropout': 0.5, 'L2': False}"
1144,1.1606443579775436,1.3470953257051044,2.6283437044344566,0.9776774893503694,0.9391151741460205,LSTM,24,30,9793,Zscore,294145,"{'Recurrent': 256, 'Dense': 0, 'Dropout': 0, 'L2': True}"
1145,1.2386550409474781,1.5342663104645988,2.558199051114144,1.0624668430698674,0.9306555851365829,LSTM,24,30,9793,Zscore,294145,"{'Recurrent': 256, 'Dense': 0, 'Dropout': 0, 'L2': False}"
1146,1.2336465331951612,1.52188376886444,2.700929764004769,1.0557519312930845,0.9312152403254692,LSTM,24,30,9793,Zscore,294145,"{'Recurrent': 256, 'Dense': 0, 'Dropout': 0.5, 'L2': True}"
1147,1.2487847699506596,1.5594634016607218,2.4987889558993004,1.071384887918929,0.9295167492426198,LSTM,24,30,9793,Zscore,294145,"{'Recurrent': 256, 'Dense': 0, 'Dropout': 0.5, 'L2': False}"
1148,0.8180182467253403,0.6691538519755997,2.8192978761249066,0.6003711912856357,0.969756174659927,LSTM,24,30,9793,Zscore,308337,"{'Recurrent': 256, 'Dense': 56, 'Dropout': 0, 'L2': True}"
1149,1.0146447002821675,1.0295038678106896,3.0962143800311566,0.7416626920845545,0.9534693926171534,LSTM,24,30,9793,Zscore,308337,"{'Recurrent': 256, 'Dense': 56, 'Dropout': 0, 'L2': False}"
1150,0.7421002093588949,0.5507127207305156,2.661163415675688,0.5290545755929793,0.9751093723974595,LSTM,24,30,9793,Zscore,308337,"{'Recurrent': 256, 'Dense': 56, 'Dropout': 0.5, 'L2': True}"
1151,1.1007421691853752,1.2116333230229248,3.3229603901973803,0.7690074887999456,0.9452376662115459,LSTM,24,30,9793,Zscore,308337,"{'Recurrent': 256, 'Dense': 56, 'Dropout': 0.5, 'L2': False}"
